C3/C3dc	492632	0.0	0.002929611206629337	0.0021263743528147183	0.01021894397938951	0.009984651446193553	0.008731528644160078	0.004296820642915708	0.0007630336366363363	0.008401251352816623	0.007153036148988628	0.008906515791058564	0.0080837561137492	0.008533693681098995	0.012580866753850894	0.010294428731442413	0.012100215983658229	0.00999767981270912	0.010028133270766681	0.012018790740921048	0.011676912767927818	0.009516379933255012	0.011427653498032054	0.009576531280061994	0.011353507549085354	0.011819363512230096	0.011675132014658536	0.0119131278943128	0.010046605753523579	0.01184755434626241	0.010419701289511894	0.004581783016628337	0.011328410494125089	0.008482594151121438	0.011266214539971335	0.0124041826734113	0.00964949436088506	0.011083250651197966	0.012019980012599144	0.017288168916628335	0.017282659916628338	0.012206795316628338	0.013476703716628336	0.012543548106871263	0.01210749252100746	0.013405283416758312	0.009547165722387185	0.010712582624006862	0.014302779975982402	0.013543079396806266	0.0126559729139986	0.010405373516078393	0.012685605056526368	0.013474703716628336	0.012939460941593345	0.011826600134954672	0.014126211574346794	0.013098214826895258	0.012262780235074646	0.013085667266343423	0.011360415502379761	0.012470811233594944	0.012948694176716319	0.004579783016628337
C1b/C3	493145	0.002929611206629337	0.0	0.003530403237676232	0.007291466586570633	0.007057074530328045	0.005803852910843351	0.0013700955476752324	0.0021673774900009997	0.005473616495264352	0.0042252564468625445	0.005978641570566679	0.005155739282761776	0.005606132713352598	0.009653482128882526	0.007366895374605066	0.009172817767086477	0.007070029640850132	0.007100560729603066	0.009091386926028795	0.008749503761350367	0.0065883034466589704	0.008500130500738156	0.006648345530886911	0.008426077350984513	0.008891890131402345	0.008747742585851415	0.008985622493499603	0.0071190787941272544	0.008920157723693563	0.007492208331667374	0.0016521718099990002	0.008400967091109272	0.005554694429172469	0.008338751542833754	0.009476796053360596	0.006721956586180749	0.008155730071335205	0.009092514603787544	0.014360827483021697	0.014355318483021698	0.009279453883021697	0.010549362283021698	0.009616206673264627	0.009180151087400824	0.010477941983151672	0.006619824288780547	0.007785241190400222	0.011375438542375762	0.010615737963199628	0.009728631480391962	0.007478032082471752	0.009758263622919728	0.010547362283021697	0.010012119507986705	0.008899258701348032	0.011198870140740154	0.010170873393288617	0.009335438801468008	0.010158325832736783	0.008433074068773123	0.009543469799988305	0.01002135274310968	0.0016535764695330467
C3/C115d	492123	0.0021263743528147183	0.003530403237676232	0.0	0.010819688224772105	0.010585443477240448	0.009332320675206974	0.004897612673962604	0.0013637406761823818	0.009001914461217108	0.007753828180035523	0.00950730782210546	0.008684548144796096	0.009134420731640043	0.013181634189816806	0.010895140194716418	0.012700970026101707	0.010598471843756016	0.010628845933560878	0.012619496997700225	0.012277622032081471	0.010117171964301907	0.012028445529078951	0.010177323311108889	0.0119542623950063	0.012420025395336168	0.012275924045705433	0.012513826344075952	0.010647259239988306	0.012448346377309308	0.011020312011213462	0.005182575047675232	0.011929202525171984	0.009083386182168335	0.011867006571018229	0.013004945713155587	0.009962793970878273	0.01168404268224486	0.012620772043646037	0.017888960947675232	0.01788345194767523	0.012807587347675231	0.014077495747675233	0.01314434013791816	0.012708255757813206	0.014006075447805206	0.010147957753434082	0.011313374655053757	0.014903572007029296	0.014143871427853161	0.013256764945045496	0.011006165547125288	0.013286397087573263	0.014075495747675231	0.013540252972640242	0.012427392166001567	0.014726978010512665	0.013699006857942153	0.012863572266121542	0.013686459297390317	0.011961207533426657	0.013071603264641839	0.013549486207763214	0.0051805750476752324
C1d/C1-C42.2-C3-C1b-C3cg	491768	0.01021894397938951	0.007291466586570633	0.010819688224772105	0.0	0.006268783898301871	0.0057569225903129065	0.005922898170716858	0.009456710262761172	0.0030845152799022124	0.005666723396151155	0.005629525455350489	0.006095629271618514	0.0022084092071778466	0.002362431193761229	0.000871115116793556	0.001881631296481056	0.0008191436922089277	0.0007036279362941636	0.0018001656658602422	0.001458207939543907	0.005529838663453167	0.007389557125589234	0.005538773441691002	0.001134770938193014	0.0016006062492966622	0.007637371137623097	0.0016945506640267346	0.0010024941123537396	0.001628967244052899	0.0007087857584513378	0.0062389090587123865	0.007290482315075477	0.004931759603826604	0.003186257525172448	0.002185701355223433	0.006713295102999102	0.0070452462950015	0.0037733820625559184	0.007071231935139458	0.007066939770088973	0.008171982802879136	0.0032597667351394583	0.002325071187363791	0.0018889122174382223	0.0031871022057988214	0.001269683607716721	0.0028373739354545804	0.004084626159544008	0.003324743053378668	0.002437597131533276	0.0008840603260405592	0.002467192917584725	0.0032565499001899435	0.002721008090850045	0.004072524791261906	0.003908028442088068	0.0028798378773967808	0.0020442353244268237	0.002867352898070579	0.001392705864356892	0.002252381699871736	0.008910981513935646	0.0062383226346396075
C42a/C42.2/C1/C42b-C1b-C1az-C1au-C3	491771	0.009984651446193553	0.007057074530328045	0.010585443477240448	0.006268783898301871	0.0	0.0016788018200947752	0.0056885527756783075	0.009222417729565217	0.00589748828694314	0.0028319657739709404	0.001389140752078049	0.0029733005280523877	0.005553747981146265	0.008199392760504867	0.005954395649957995	0.007718619650269565	0.005615630860231984	0.005565351037481985	0.007691338658058281	0.007347034631504546	0.0009058021981990081	0.0028715859197617453	0.0012227551091625734	0.006971719359332888	0.0076557277969140835	0.003119568655752791	0.0077228190834018684	0.006138369756068944	0.007465841294940874	0.006366396431024488	0.005572795905447276	0.0022801550616356925	0.0016686158281910034	0.004371579747049127	0.008022671714410323	0.0013607369864240327	0.0025273392539779892	0.004694170761124744	0.012906927476771616	0.012901418476771617	0.007828056025697153	0.009095462276771615	0.008161983563945463	0.007725854760414886	0.009024014582380493	0.005584333207859268	0.004443278713377187	0.00992153853612568	0.00916165542996034	0.006905603108715612	0.006398752162395545	0.008304105294166397	0.009093462276771616	0.008557880863677127	0.00425292054526081	0.009744761176281713	0.008716750253978452	0.007881109375314799	0.007604158253918471	0.006978860019544528	0.008089255750759711	0.004393055912583181	0.0055722597735132435
C42a/C1/C42.2-C1b-C1au-C3-C115k	492288	0.008731528644160078	0.005803852910843351	0.009332320675206974	0.0057569225903129065	0.0016788018200947752	0.0	0.004435227911964484	0.00796929492753174	0.004218802425582348	0.0015786234558832352	0.0007627896220409709	0.0014826977659602118	0.004300384964220734	0.007737133815123836	0.005211529673867821	0.007155385363091073	0.005153079647427374	0.005053416215331236	0.007179472360241927	0.006835166103176099	0.0014391476178766379	0.0034352792863946244	0.0015840541613042955	0.006509385773535386	0.007143861499097728	0.003683138902903515	0.007210952785585513	0.005182255281974579	0.007003507709143372	0.0056494972040727	0.004369245758012596	0.003231079945116466	0.0010411815820235214	0.003909302344396681	0.0075604127690292915	0.0014546590386284115	0.0030909708732380285	0.004231911815743713	0.012444668531390585	0.012439159531390583	0.007365333919694092	0.008633203331390582	0.00769972461856443	0.007263595815033854	0.008561755636999461	0.004703060956855841	0.003980945127579684	0.009459279590744649	0.008699396484579307	0.006443320040129708	0.005561574958318592	0.007841846348785365	0.008631203331390582	0.008095547277879624	0.003834414285644774	0.00928250223090068	0.008254491308597421	0.007418826140578745	0.00714189930853744	0.006516526433747026	0.007626922164962208	0.004956749279216059	0.0043685917542137355
C1/C3/C42.2	492292	0.004296820642915708	0.0013700955476752324	0.004897612673962604	0.005922898170716858	0.0056885527756783075	0.004435227911964484	0.0	0.0035345869262873707	0.00410490309320426	0.0028568033963991533	0.004610304504440334	0.0037874347877317536	0.004237228598208611	0.008285190215460946	0.0059983290002020295	0.007804430696829024	0.005701401594655106	0.005731979161277599	0.007722971864168824	0.007380980569674241	0.005220275480447948	0.007131727809472143	0.005280525555654434	0.00705746399537396	0.007523492489506307	0.00737945385749425	0.007617235599074222	0.005750536210208027	0.007551551673099417	0.006123589025793248	0.0022643764557844213	0.007032619009155326	0.004186232497899642	0.006970242509165323	0.008108471164448738	0.005353282402057456	0.006787416978884408	0.0077241551038832595	0.012992681740365965	0.012987172740365965	0.007911826688511148	0.009181216540365963	0.00824773782753981	0.007811609024009235	0.009109768845974843	0.005250659150004036	0.006416345597714495	0.010007292799720027	0.009247409693554687	0.008360147571552845	0.006109196208829117	0.008389859557760745	0.009179216540365964	0.008643527654553127	0.00753068124503503	0.00983051543987606	0.008802504517572802	0.007966839349554125	0.008789932364398753	0.007064409777972203	0.008174928736396758	0.008653016238606315	0.0022620800854214577
C3	493380	0.0007630336366363363	0.0021673774900009997	0.0013637406761823818	0.009456710262761172	0.009222417729565217	0.00796929492753174	0.0035345869262873707	0.0	0.0076390176361882875	0.006390802432360291	0.008144282074430229	0.007321522397120863	0.0077714599644706575	0.011818633037222557	0.009532195014814076	0.011337982267029893	0.009235446096080784	0.009265899554138346	0.011256557024292712	0.01091467905129948	0.008754146216626674	0.010665419781403718	0.008814297563433656	0.010591273832457018	0.011057129795601759	0.010912898298030198	0.011150894177684462	0.009284372036895243	0.011085320629634075	0.009657467572883556	0.0038195493	0.010566176777496753	0.007720360434493102	0.010503980823342998	0.011641948956782965	0.008887260644256724	0.010321016934569629	0.011257746295970806	0.016525935199999998	0.0165204262	0.0114445616	0.012714469999999999	0.011781314390242926	0.011345258804379123	0.012643049700129975	0.008784932005758847	0.009950348907378524	0.013540546259354065	0.01278084568017793	0.011893739197370263	0.009643139799450055	0.01192337133989803	0.012712469999999998	0.012177227224965007	0.011064366418326334	0.013363977857718458	0.012335981110266922	0.011500546518446309	0.012323433549715086	0.010598181785751424	0.011708577516966606	0.012186460460087983	0.0038175493
C1d/C1/C42.2/C3-C1b-C3cg-C45c-C115k-C1au-C41p	491849	0.008401251352816623	0.005473616495264352	0.009001914461217108	0.0030845152799022124	0.00589748828694314	0.004218802425582348	0.00410490309320426	0.0076390176361882875	0.0	0.0037409128913202423	0.004819930051304052	0.003949625067228429	0.0009709633005061974	0.0054468856775109235	0.0025033831353990527	0.004761174093736698	0.002862897565881681	0.0027417244714624924	0.0048846103525490535	0.004441743366066786	0.005496288047139719	0.007492369928634987	0.005641194590567376	0.004219121367090803	0.004684976854471423	0.0077402295451438775	0.0047786723128738495	0.0022727248338387353	0.004713317672950689	0.00288138698560107	0.004498907898550869	0.007288170587356828	0.004546901532812584	0.004131908789208056	0.005150934737703507	0.00556225612915645	0.0071480615154783924	0.004885862111695243	0.010155099406046373	0.010150220228153109	0.00827377123956626	0.006343634206046372	0.0054095256711134835	0.004973339279100605	0.006271556689548515	0.0024126710204892964	0.003578217776330013	0.007169080643293701	0.006409197537128361	0.005521935415126518	0.003271192872176419	0.005551647401334419	0.006341004383939636	0.005805357241686942	0.004692469088608701	0.006992252093687687	0.005964292361146475	0.005128627193127799	0.005951720207972426	0.004226336397554343	0.005336732128769526	0.009013839921456423	0.004498022030071956
C42a/C42.2/C3-C1-C1b-C1au	491869	0.007153036148988628	0.0042252564468625445	0.007753828180035523	0.005666723396151155	0.0028319657739709404	0.0015786234558832352	0.0028568033963991533	0.006390802432360291	0.0037409128913202423	0.0	0.0018930175291729974	0.001293003267609717	0.003981209776856943	0.00802910820874575	0.005642246633409138	0.007548335098510447	0.005445133858075986	0.005257712553880948	0.00746687066752974	0.007124874181349962	0.002569355691374588	0.00456561832060436	0.002714262234802246	0.006801336415526292	0.0072673217269317286	0.004813477937113252	0.007361032816514195	0.005494311869064875	0.007295457668783741	0.005867398686201901	0.003925540988343496	0.004361418979326203	0.0016199952048319998	0.004404193020453863	0.007852387162651204	0.0024968145050084972	0.004221309907447765	0.005158103203497782	0.012736642925012497	0.012731133925012498	0.007656895837058882	0.008925177725012497	0.007991699012186344	0.007555570208655767	0.008853730030621376	0.004994992093288944	0.004272892529299169	0.009751253984366564	0.008991370878201222	0.006735294433751622	0.00585351762343286	0.00813382074240728	0.008923177725012497	0.008387494679599108	0.00496475331985451	0.009574476624522594	0.008546465702219334	0.007710800534200658	0.007433873702159351	0.00680847383546651	0.00791888992104329	0.006087088313425796	0.00392488958376487
C42a/C42.2/C1/C1b-C1j-C1au-C3	491880	0.008906515791058564	0.005978641570566679	0.00950730782210546	0.005629525455350489	0.001389140752078049	0.0007627896220409709	0.004610304504440334	0.008144282074430229	0.004819930051304052	0.0018930175291729974	0.0	0.0017245749057120167	0.004475456358256116	0.0075310472692990274	0.005315044559056378	0.0070586772972085245	0.004947080630478239	0.0049930783265093965	0.007051955609684781	0.006707649352618953	0.0009578112704258309	0.002954148584387329	0.0011027178138534885	0.006308630303168733	0.007016369938464614	0.0032020082008962195	0.0070834542464600515	0.005388333964444223	0.00679741400505021	0.00572700417971547	0.004465221044062375	0.0027499492431091706	0.0008350132740435679	0.003703215798571872	0.007354326223204481	0.0015601627735769414	0.002475583454645709	0.0040258252699189034	0.012238581985565773	0.012233072985565774	0.007159398709436226	0.008427116785565774	0.007493638072739622	0.007057509269209045	0.008355669091174652	0.0044972308073028735	0.003774851423486522	0.009253193044919839	0.008493309938754497	0.0062372334943049	0.005355744808765625	0.007635759802960556	0.008425116785565774	0.007889453573786462	0.0035845265695389787	0.00907641568507587	0.008048404762772611	0.007212739594753936	0.0069358127627126296	0.006310432729653865	0.007420828981596569	0.004475618577208764	0.004465021923710516
C42a/C1/C42.2/C1b/C1j-C1au-C3-C115l	492460	0.0080837561137492	0.005155739282761776	0.008684548144796096	0.006095629271618514	0.0029733005280523877	0.0014826977659602118	0.0037874347877317536	0.007321522397120863	0.003949625067228429	0.001293003267609717	0.0017245749057120167	0.0	0.00432160486180146	0.008059039319862415	0.005550244349756263	0.007477304063870838	0.005474994787407755	0.005392116484905826	0.007518156848205539	0.007173850591139709	0.002682304310666151	0.004678699336929463	0.002827156222804289	0.006831308273175494	0.007482545987061339	0.0049265589534383545	0.007549637273549125	0.005600513731567773	0.007325430208783479	0.005988222972905424	0.0037043507474257722	0.004474499995651305	0.0017330061786625518	0.004517274036778967	0.007882318273767869	0.0027275351322903125	0.004200134207187843	0.005271184219822884	0.012766574036129161	0.01276106503612916	0.007686739374447665	0.00895510883612916	0.008021630123303009	0.007585501319772432	0.008883661141738039	0.005024909078809254	0.004302867627219792	0.009781185095483225	0.009021301989317885	0.006765225544868287	0.005883423080272006	0.008163751853523943	0.008953108836129162	0.008417469777519733	0.005077834336179612	0.009604407735639258	0.008576396813336	0.007740731645317323	0.007463804813276018	0.006838448933387134	0.007948844664602316	0.0062001693297508995	0.0037039804585124463
C1d/C1/C42.2-C1b-C3-C3cg-C45c	492017	0.008533693681098995	0.005606132713352598	0.009134420731640043	0.0022084092071778466	0.005553747981146265	0.004300384964220734	0.004237228598208611	0.0077714599644706575	0.0009709633005061974	0.003981209776856943	0.004475456358256116	0.00432160486180146	0.0	0.004482305817554091	0.0018696823280850636	0.0038975695755773267	0.0018983900441321892	0.0019288408351328308	0.003920030492592223	0.0034771635061099553	0.005085504959586411	0.00699691763374042	0.005145787480158639	0.0032545128018139275	0.0037204385648903406	0.007244777250249311	0.003814149654472808	0.001661546192226993	0.003748709107673813	0.002121853409217985	0.0044653039231130655	0.006897888427701689	0.004051535941881617	0.003167328929251224	0.0041863548777466755	0.0052185502210836746	0.006652609220583825	0.003921374612976672	0.009190611907327803	0.009185825090672797	0.00777853237246826	0.005379146707327802	0.004444945811156653	0.004008759419143773	0.005306976829591683	0.0014479993641176954	0.002613609211053137	0.006204500783336869	0.0054446176771715295	0.004557355555169687	0.002306524894261611	0.004587067541377587	0.005376424523982805	0.004840748676410065	0.003727936946889889	0.006027672233730855	0.004999712501189643	0.004164047333170967	0.004987140348015595	0.0032617278322774673	0.0043721367200135995	0.008518387626561857	0.004464251238918324
C1d-C42.2-C1-C3cg-C1b	491691	0.012580866753850894	0.009653482128882526	0.013181634189816806	0.002362431193761229	0.008199392760504867	0.007737133815123836	0.008285190215460946	0.011818633037222557	0.0054468856775109235	0.00802910820874575	0.0075310472692990274	0.008059039319862415	0.004482305817554091	0.0	0.0029435025421118695	0.0006857115837742251	0.002677897911727655	0.002771505201208231	0.0007778234246719559	0.0012023261795568916	0.0073881847928814245	0.008309675237362528	0.007071676408180266	0.0012279822991790425	0.0019059280122438174	0.008056419174565907	0.0022533235305638877	0.0032961044026176673	0.0008291594116876628	0.002961356027994075	0.008096993068136374	0.00800882285742604	0.006790460034103179	0.0039216752147583495	0.00029595093980741544	0.008765945830199807	0.00804060785418652	0.004521616633633273	0.004709348353539292	0.004705603800649869	0.008591945714067187	0.0008978831535392919	0.00040760718136649294	0.000505782826244751	0.000824671012037592	0.0031283748094881026	0.003850151046720656	0.0017223939694377018	0.0009915032962553411	0.002418985292239873	0.0022699429296272285	0.00022059322757263125	0.0008941187064287139	0.0014287751818836236	0.004491929715536892	0.0015499916404319136	0.0007258585217541824	0.0007903896599680064	0.0020314938669846665	0.0018124622400250943	0.0007018638660867824	0.009330080127044595	0.008096843298090383
C1d/C42.2/C1-C1b-C3cg-C45c-C115k-C1au	491719	0.010294428731442413	0.007366895374605066	0.010895140194716418	0.000871115116793556	0.005954395649957995	0.005211529673867821	0.0059983290002020295	0.009532195014814076	0.0025033831353990527	0.005642246633409138	0.005315044559056378	0.005550244349756263	0.0018696823280850636	0.0029435025421118695	0.0	0.0022577909583376445	0.0006513087370595774	0.0004478010696121552	0.0023812272171500008	0.0019383648288284687	0.005442094477601845	0.007437870510496886	0.0055869356292785515	0.0017158063284986008	0.002257874192882846	0.0076857301270057765	0.002325064239146864	0.00047236346932227126	0.002210002634358486	0.0005649295073069917	0.006024297927508996	0.0072390158657736296	0.004717094550055484	0.003234580556510072	0.0026475516023044543	0.0063988324562481175	0.007093573303574583	0.0038217410519385967	0.007652198403758497	0.007647801358976409	0.008220167990843663	0.003840733203758496	0.0029061425357144316	0.0024699561437015517	0.003768173554149462	0.0010551063491784014	0.002885694139066237	0.004665697507894648	0.003905814401729308	0.0030185787705809784	0.001202336264246858	0.0030482642659353655	0.0038376212485405838	0.003302042203094739	0.0041208478225995306	0.004488994910707107	0.003460909225747421	0.002625270714732411	0.003448337072573374	0.0017230213589621408	0.002833417090177322	0.00895934050331832	0.006023781334146341
C1d-C42.2-C1-C3cg-C1b-C45c-C115k	491720	0.012100215983658229	0.009172817767086477	0.012700970026101707	0.001881631296481056	0.007718619650269565	0.007155385363091073	0.007804430696829024	0.011337982267029893	0.004761174093736698	0.007548335098510447	0.0070586772972085245	0.007477304063870838	0.0038975695755773267	0.0006857115837742251	0.0022577909583376445	0.0	0.0022482284466444026	0.002290705303928058	0.0003465903307507748	0.0006206637738789376	0.006958522110426451	0.007880005772279276	0.006642096296994704	0.000750249716749568	0.001425128114963644	0.007951127793556318	0.001772523633283714	0.0026103928188434423	0.0007236211504957213	0.0022756444442198496	0.007667483725202439	0.007604318947015895	0.006360790569019927	0.0035003988657002897	0.00040504540053983777	0.008285159326442068	0.007610941988023594	0.0040919527514182525	0.005394904207587725	0.005391003924972508	0.008486423453613915	0.0015834390075877237	0.0006484407506248125	0.0003842220624933213	0.0015103825958118172	0.0026987189360082337	0.003420495173240787	0.0024079498234861334	0.0016482375186333055	0.002313530341440973	0.0018403578243989878	0.0007904859038188545	0.0015798302902029393	0.0013232671146528898	0.004386421648306159	0.002231700714536334	0.0012032458291412573	0.0006848438002957608	0.0019261379733979803	0.001706954172794361	0.0005963557988560486	0.009224738169868863	0.007667258192862142
C1d/C1-C42.2-C1b	491737	0.00999767981270912	0.007070029640850132	0.010598471843756016	0.0008191436922089277	0.005615630860231984	0.005153079647427374	0.005701401594655106	0.009235446096080784	0.002862897565881681	0.005445133858075986	0.004947080630478239	0.005474994787407755	0.0018983900441321892	0.002677897911727655	0.0006513087370595774	0.0022482284466444026	0.0	0.00033358155924948125	0.002241526353242424	0.0018972194906605288	0.004875603975494902	0.006786994916796641	0.00493581620601555	0.0014981951670552237	0.0022059584691491324	0.007034854533305532	0.0022730937669466103	0.0007947339947654473	0.0018504354213757246	0.0009165927103999884	0.005419997775884823	0.006687993302480394	0.004112669700859828	0.0025836841378897705	0.0025179508659786023	0.006182094913965419	0.006442686503640044	0.003170865458238352	0.007292643473045392	0.007288189062127574	0.007569247313277346	0.0034811782730453916	0.002546644971137055	0.0022203820142771445	0.0034086759895720856	0.0004508060319336134	0.0022347488969606077	0.0043061999433172725	0.003546316837151932	0.002659054715150088	0.000889477403383509	0.002688766701357989	0.0034781236839632078	0.0029424749901119777	0.003469921376734653	0.004227149700129974	0.003101411661170045	0.0022657464931513695	0.003088839507995997	0.0013634541459793792	0.002473849877194561	0.008308464909618077	0.005419487078024395
C1d/C1-C42.2-C1b-C3cg-C1au	491763	0.010028133270766681	0.007100560729603066	0.010628845933560878	0.0007036279362941636	0.005565351037481985	0.005053416215331236	0.005731979161277599	0.009265899554138346	0.0027417244714624924	0.005257712553880948	0.0049930783265093965	0.005392116484905826	0.0019288408351328308	0.002771505201208231	0.0004478010696121552	0.002290705303928058	0.00033358155924948125	0.0	0.002209229876246363	0.0018672321992403045	0.005112568907910557	0.007108478791444506	0.005257427356847524	0.0015437626061475416	0.0020904536804078368	0.007356338407953397	0.0021576139385870888	0.0007427940066473407	0.0020379589120074265	0.0008010715112113774	0.005753455226569372	0.006904279450166348	0.004446197470867158	0.0029051680125376364	0.002594775362670435	0.006009797666419477	0.006764170378287912	0.0034923493328862174	0.0074801700752499	0.007475742042862854	0.007890760678028788	0.0036687048752499004	0.0027341451948107937	0.0022979588027979133	0.0035961762132458233	0.0007842509897548796	0.002556256038566437	0.004493700166991009	0.0037338170608256695	0.0028465549388238267	0.0010889123316998768	0.002876266925031727	0.0036656239076369454	0.0031299984807436794	0.0037914097220997298	0.004316966582198511	0.003288911884843783	0.0024532467168251076	0.0032763397316697353	0.0015509776366110814	0.0026613733678262637	0.008629948784265942	0.005752932035845662
C1d-C42.2-C1-C1b-C3cg-C3cw	491765	0.012018790740921048	0.009091386926028795	0.012619496997700225	0.0018001656658602422	0.007691338658058281	0.007179472360241927	0.007722971864168824	0.011256557024292712	0.0048846103525490535	0.00746687066752974	0.007051955609684781	0.007518156848205539	0.003920030492592223	0.0007778234246719559	0.0023812272171500008	0.0003465903307507748	0.002241526353242424	0.002209229876246363	0.0	0.0004451779684004492	0.006951831013725461	0.007873304061685871	0.006635396602872939	0.000743555417290893	0.0011281066085769155	0.007894969463625298	0.0016910529828331167	0.0027338290776557986	0.0006673914419782763	0.002183532603322119	0.007660826218424472	0.007572543273807858	0.006354088475617949	0.0034853224506348097	0.0006010935861341596	0.00820364710979706	0.00760428208196541	0.0040853173797114235	0.005486986857242829	0.005483057383384985	0.008430248928541438	0.001675521657242827	0.0007405104041787463	0.0003279923539758765	0.001602494436709548	0.0026920224409267583	0.0034137986781593113	0.0025000324731412372	0.0017403201682884089	0.002257329824166156	0.0018337035166613091	0.0008825851484954516	0.0016719421311006696	0.0012670374061354447	0.0043301919397887145	0.0023237833641914373	0.0012953284787963607	0.0006286159027727102	0.0018699796434669595	0.0016507244642769159	0.000667884544948742	0.009168579839937843	0.007660603885124462
C1d-C42.2-C1-C1b-C3cg-C3cw-C45c	491769	0.011676912767927818	0.008749503761350367	0.012277622032081471	0.001458207939543907	0.007347034631504546	0.006835166103176099	0.007380980569674241	0.01091467905129948	0.004441743366066786	0.007124874181349962	0.006707649352618953	0.007173850591139709	0.0034771635061099553	0.0012023261795568916	0.0019383648288284687	0.0006206637738789376	0.0018972194906605288	0.0018672321992403045	0.0004451779684004492	0.0	0.006607538728197879	0.007529079989464846	0.006291119499915736	0.0004266986705617751	0.0008045713020991608	0.007666752895678307	0.0013491534447580297	0.0022910020751799286	0.0004688601757384343	0.0017590298484371834	0.00731664725439824	0.007319899882020166	0.006009781613036053	0.003215676323375109	0.0009247270315428857	0.007861653630991759	0.007260180252775537	0.0038028460434308574	0.005911361105577768	0.005907303125169931	0.00820187348642543	0.0020998959055777686	0.0011649661731594533	0.0007287797811465736	0.0020269971915944838	0.0023477207700300603	0.0030694970072626137	0.00292452114533967	0.0021646944166233504	0.0020290151172881934	0.0014894999846955834	0.0013070879033803872	0.0020964448859856055	0.0015610967050825658	0.0041018659931113255	0.002748157612526379	0.0017197328631924432	0.000884089754016697	0.0017074820685088895	0.0014222812508489593	0.0010922361294616084	0.008940363271990853	0.0073164003531587364
C42a/C42.2-C1b-C1-C42b-C1au	491770	0.009516379933255012	0.0065883034466589704	0.010117171964301907	0.005529838663453167	0.0009058021981990081	0.0014391476178766379	0.005220275480447948	0.008754146216626674	0.005496288047139719	0.002569355691374588	0.0009578112704258309	0.002682304310666151	0.005085504959586411	0.0073881847928814245	0.005442094477601845	0.006958522110426451	0.004875603975494902	0.005112568907910557	0.006951831013725461	0.006607538728197879	0.0	0.0023521615349630077	0.0005004744299703492	0.0062084914637988865	0.006916396832801283	0.002600009948972872	0.0069835222197860425	0.0056701854320754625	0.00656071270444911	0.005627219936018598	0.004938037428524295	0.0018862868473887959	0.0010342308931113777	0.0034665529542124273	0.007228237747132371	0.0018809170971841912	0.0020078598856240974	0.003789165840111978	0.012001897960677865	0.011996388960677864	0.006922996466256748	0.008190432760677864	0.007256954047851712	0.0069306688954309135	0.008118985066286744	0.004950557679294141	0.003538386075694861	0.00901650902003193	0.008256625913866588	0.00600054946941699	0.0057650813788784104	0.007399075778072646	0.008188432760677865	0.007652743874865028	0.0033478425446510696	0.008937367995001	0.007811720737884703	0.006976055569866025	0.006699128737824721	0.006073658443649844	0.007184144956708658	0.0038735745391821636	0.004938487938422316
C42a/C42.2-C42ak-C1-C1b-C42al	491781	0.011427653498032054	0.008500130500738156	0.012028445529078951	0.007389557125589234	0.0028715859197617453	0.0034352792863946244	0.007131727809472143	0.010665419781403718	0.007492369928634987	0.00456561832060436	0.002954148584387329	0.004678699336929463	0.00699691763374042	0.008309675237362528	0.007437870510496886	0.007880005772279276	0.006786994916796641	0.007108478791444506	0.007873304061685871	0.007529079989464846	0.0023521615349630077	0.0	0.001852224735572732	0.007130205082357691	0.008115250557233387	0.001518474000693006	0.008308516523935213	0.007581322152410121	0.007482340121535693	0.007480573178801331	0.006849859683563287	0.0013523213825421623	0.002946037751229754	0.004388081118571328	0.008149728191613475	0.004232211573768412	0.0007676415078164048	0.00471060949395121	0.012923366209598082	0.01291785720959808	0.007845201767766447	0.009111901009598081	0.008178422296771928	0.007852194732833434	0.00904045331520696	0.006861819446430714	0.004552510366966607	0.009937977268952146	0.009178094162786804	0.006922088138069878	0.007675976288399605	0.008320544026992862	0.009109901009598081	0.008574365893031392	0.004269405574615076	0.009858858439482105	0.008733188986804918	0.007897594404669066	0.007620596986744936	0.006995648271505949	0.008105740780113977	0.0017433631720055985	0.006849699715556889
C42a/C42.2/C1b	493329	0.009576531280061994	0.006648345530886911	0.010177323311108889	0.005538773441691002	0.0012227551091625734	0.0015840541613042955	0.005280525555654434	0.008814297563433656	0.005641194590567376	0.002714262234802246	0.0011027178138534885	0.002827156222804289	0.005145787480158639	0.007071676408180266	0.0055869356292785515	0.006642096296994704	0.00493581620601555	0.005257427356847524	0.006635396602872939	0.006291119499915736	0.0005004744299703492	0.001852224735572732	0.0	0.005892074660781389	0.006599980029783788	0.002099921202549745	0.006667105416768547	0.005730419858156999	0.006244193921827535	0.005629587807523255	0.004997903947865213	0.001753169503188736	0.0010944405745767953	0.003150112940601621	0.006911781727425573	0.0023813915271545406	0.001507923086233822	0.003472726841533594	0.011685174419008099	0.0116796654190081	0.0066064197571142885	0.0078737092190081	0.0069403464713923835	0.006614182706290642	0.007802261524616978	0.0050108180043054815	0.0032219470771164774	0.008699785478362164	0.007940060708862159	0.0056838259277472245	0.0058252936093990595	0.007082491794535441	0.007871709219008097	0.007336069523357229	0.0030312573753068384	0.008620839814259049	0.007495199935393184	0.006659562782045491	0.006382630328615217	0.005756884258434156	0.006867421415038892	0.003373403586622521	0.004998748263433656
C1d-C42.2-C1-C1k-C1b-C3cg	491811	0.011353507549085354	0.008426077350984513	0.0119542623950063	0.001134770938193014	0.006971719359332888	0.006509385773535386	0.00705746399537396	0.010591273832457018	0.004219121367090803	0.006801336415526292	0.006308630303168733	0.006831308273175494	0.0032545128018139275	0.0012279822991790425	0.0017158063284986008	0.000750249716749568	0.0014981951670552237	0.0015437626061475416	0.000743555417290893	0.0004266986705617751	0.0062084914637988865	0.007130205082357691	0.005892074660781389	0.0	0.0011230316343362654	0.007240473057583545	0.0013165076671016473	0.0020684435748500605	0.0004942484583642103	0.0017335940784163214	0.006917698576799281	0.006893597439950899	0.005610726178140013	0.002789343873075204	0.0010512524606412464	0.00753825597733276	0.006861305345668381	0.00337646804460039	0.005936804710205917	0.005932719540673729	0.0077755118810375855	0.002125215959626149	0.0011905359186938306	0.0007542793320824619	0.0020524679853469825	0.00194878122523069	0.002670462763889963	0.002950115489671937	0.002190232383506597	0.0016026516112107696	0.0010905714919833723	0.0013326204724227702	0.0021221010056077564	0.0015864441481753288	0.0036754827124503785	0.002773601217154527	0.00174532720752471	0.0009096620395060344	0.0017329256731370383	0.0009958162868045771	0.0011176896510587827	0.00851408343389609	0.0069174622713214715
C1d/C1-C1mt-C42.2-C3cg-C1b-C3cw	492846	0.011819363512230096	0.008891890131402345	0.012420025395336168	0.0016006062492966622	0.0076557277969140835	0.007143861499097728	0.007523492489506307	0.011057129795601759	0.004684976854471423	0.0072673217269317286	0.007016369938464614	0.007482545987061339	0.0037204385648903406	0.0019059280122438174	0.002257874192882846	0.001425128114963644	0.0022059584691491324	0.0020904536804078368	0.0011281066085769155	0.0008045713020991608	0.006916396832801283	0.008115250557233387	0.006599980029783788	0.0011230316343362654	0.0	0.008363005891440001	0.0006002584879641541	0.0025341955795781684	0.0011724792751439477	0.0019732207516159114	0.007625407624330267	0.008016117068892381	0.006318520591524657	0.003911951882719589	0.001729198173706021	0.00810013844341325	0.007770891475658363	0.003581224080507169	0.006613998723950421	0.006610661455257897	0.00889802352337065	0.0028030149313874454	0.0018685882213930706	0.0014324164500889593	0.0027304472546353393	0.002656524122768964	0.0035634003955707814	0.0027103302421609427	0.001977113162984806	0.0021916077810351093	0.0017983041300781335	0.002010617357780799	0.0028000467186725317	0.001759612120626339	0.004580161665665675	0.0025337246061889153	0.001655635626920057	0.0015876233803129138	0.001551628482692426	0.002118633007106456	0.0017958599377214325	0.009636616267752546	0.007625103545961616
C42a-C42.2-C1-C42ak-C1b	492847	0.011675132014658536	0.008747742585851415	0.012275924045705433	0.007637371137623097	0.003119568655752791	0.003683138902903515	0.00737945385749425	0.010912898298030198	0.0077402295451438775	0.004813477937113252	0.0032020082008962195	0.0049265589534383545	0.007244777250249311	0.008056419174565907	0.0076857301270057765	0.007951127793556318	0.007034854533305532	0.007356338407953397	0.007894969463625298	0.007666752895678307	0.002600009948972872	0.001518474000693006	0.002099921202549745	0.007240473057583545	0.008363005891440001	0.0	0.008556304154841226	0.007829181768919011	0.007228028795353122	0.007728402755860841	0.00709739019391061	0.0008394135941170982	0.003193897367738645	0.004451170395415762	0.008068128966863366	0.004480220136114499	0.0009605200712749073	0.004786539965289135	0.01260451087383262	0.012599001873832618	0.007526809106649336	0.008793045673832618	0.007859838416216236	0.007567271319467819	0.008721597979441496	0.007109545494452822	0.0048002364149887155	0.009619121933186682	0.00885924039585686	0.0066035219466153375	0.007923536379792021	0.008001818788844449	0.008791045673832619	0.008255907646171316	0.003950932930634424	0.009540066250491345	0.008414386136263791	0.00758754351491873	0.007301854518089243	0.006677273208009199	0.007787231743411869	0.0012742056208472794	0.007097259806949306
C1d-C1mt-C42.2-C1-C3cg-C1b	492848	0.0119131278943128	0.008985622493499603	0.012513826344075952	0.0016945506640267346	0.0077228190834018684	0.007210952785585513	0.007617235599074222	0.011150894177684462	0.0047786723128738495	0.007361032816514195	0.0070834542464600515	0.007549637273549125	0.003814149654472808	0.0022533235305638877	0.002325064239146864	0.001772523633283714	0.0022730937669466103	0.0021576139385870888	0.0016910529828331167	0.0013491534447580297	0.0069835222197860425	0.008308516523935213	0.006667105416768547	0.0013165076671016473	0.0006002584879641541	0.008556304154841226	0.0	0.002627958210391774	0.001519877549690062	0.0022932841687890487	0.007692530255088982	0.008209415332293602	0.006385604899520096	0.0041052529023468546	0.0020765936920260917	0.00816725931806577	0.007964161309422105	0.003769764189552089	0.006960663885702859	0.006957821352409518	0.009091258422515496	0.0031500301194161166	0.0022159864959391848	0.0017798147246350733	0.003077842772955409	0.00272364045074985	0.003756630032193561	0.0029709815701026623	0.0023242731755071955	0.0023850682850738623	0.001865623018986258	0.0023580128761008694	0.003147442236992601	0.002106815137942412	0.004773462685292941	0.0022135973772945414	0.002003031145240127	0.001935021654859028	0.00189875755369759	0.0023120676066900863	0.0021432582122675467	0.009829914531153769	0.007692217117716456
C1d/C1/C42.2-C3cg-C1b-C115k-C45c-C42ap	492851	0.010046605753523579	0.0071190787941272544	0.010647259239988306	0.0010024941123537396	0.006138369756068944	0.005182255281974579	0.005750536210208027	0.009284372036895243	0.0022727248338387353	0.005494311869064875	0.005388333964444223	0.005600513731567773	0.001661546192226993	0.0032961044026176673	0.00047236346932227126	0.0026103928188434423	0.0007947339947654473	0.0007427940066473407	0.0027338290776557986	0.0022910020751799286	0.0056701854320754625	0.007581322152410121	0.005730419858156999	0.0020684435748500605	0.0025341955795781684	0.007829181768919011	0.002627958210391774	0.0	0.0025626398807099453	0.0007307062199319898	0.005997705516763294	0.007482292946371389	0.004690532327234611	0.0033780675842689685	0.003000153462810252	0.006472053089144959	0.007237028144208328	0.00396519269385183	0.008004759080737705	0.008000320852429028	0.008363565854268293	0.004193293880737705	0.0032587443962202294	0.002822584854095269	0.00412077541465526	0.0010285007437105882	0.0030291811668251333	0.005018299368400446	0.004258416262235106	0.003371216016932438	0.001384854687847418	0.003400866126441163	0.004190223109046382	0.003654679449446199	0.004264334850358427	0.004841555587686315	0.0038135110862532193	0.00297790796108387	0.0038009389330791715	0.0020756586053136	0.003186054336528782	0.009102792145231556	0.005997140342832867
C1d-C42.2-C1-C1k-C1b	492863	0.01184755434626241	0.008920157723693563	0.012448346377309308	0.001628967244052899	0.007465841294940874	0.007003507709143372	0.007551551673099417	0.011085320629634075	0.004713317672950689	0.007295457668783741	0.00679741400505021	0.007325430208783479	0.003748709107673813	0.0008291594116876628	0.002210002634358486	0.0007236211504957213	0.0018504354213757246	0.0020379589120074265	0.0006673914419782763	0.0004688601757384343	0.00656071270444911	0.007482340121535693	0.006244193921827535	0.0004942484583642103	0.0011724792751439477	0.007228028795353122	0.001519877549690062	0.0025626398807099453	0.0	0.0022277903842762062	0.00726981852019596	0.007181752344381939	0.005962965750109978	0.0030942615478917477	0.0008407890696988566	0.008032415098066695	0.007213443766755226	0.003694451283853229	0.005442686555968806	0.0054386788557088585	0.0077632580080383914	0.0016311325737252552	0.0006962881426801554	0.00036999798262347575	0.0015582723618376324	0.002300987904019196	0.0030226687603279343	0.00245588509782637	0.0016960198670143882	0.0015902247331484548	0.0014427685816468245	0.0008384074647453116	0.0016278532295940814	0.0010923253115876828	0.0036630512476604673	0.0023771927830533893	0.0012510968156791435	0.00041545764246150754	0.0012388278923119989	0.0009834661956639665	0.0006234766433813241	0.008501639171665666	0.0072696689501099785
