C3/C3dc	492632	0.0	0.0032186237403659633	0.0027945419368963103	0.008692835028309486	0.009576480706672618	0.008423073500656705	0.004824410558414159	0.0011743087667833217	0.008298626829415201	0.007222369400287892	0.008264886891280455	0.00825782160719582	0.007977269605386361	0.010642975869333066	0.00927046042306106	0.010314470842599927	0.00959295012486052	0.008891342860349873	0.010108351758750352	0.009993494256854226	0.00957141745616113	0.01127263772899319	0.009441860633862216	0.010049372469938991	0.010603933910274895	0.010970733874385664	0.01066660630039786	0.00930776999601856	0.010957198577323524	0.00938129537526686	0.00499262698989101	0.010745702725616722	0.008462088002088572	0.010537467578663256	0.010532520698298489	0.009732347756207852	0.010429930434837526	0.011524095117492732	0.01769901288989101	0.01769350388989101	0.01261763928989101	0.01388754768989101	0.011813237509137162	0.010870778233122365	0.013445628268203178	0.009696417638226177	0.01061108202704358	0.015485858995049978	0.013571949330448843	0.01313005858051195	0.010347502039996001	0.011919964330732844	0.01388554768989101	0.013307562153318325	0.011801025876345074	0.012796253716932897	0.01280239377689491	0.011871957210716846	0.013125631450972685	0.011623975405949404	0.012392139647205279	0.012702997299859018	0.004990626989891011
C1b/C3	493145	0.0032186237403659633	0.0	0.003665545044005599	0.005476018774134821	0.006359612945191526	0.005206099742953411	0.0016084189548345165	0.0020455460504749524	0.005081751832207709	0.004005298422530302	0.00504767762777948	0.005040567284441728	0.004760400966926983	0.007426239140265974	0.006053606980043048	0.007097735789414826	0.0063759299318675005	0.005674446230287975	0.006891608282742238	0.006776750007347653	0.006354162133706948	0.008055777050233484	0.006224322090675395	0.006832597832587557	0.007387140449262283	0.007753985999697151	0.007449765653541	0.006090939780898233	0.007740461873768776	0.00616448795103018	0.0017740032495250472	0.007528884505698313	0.005244842600273476	0.0073206448923050695	0.007315800015452425	0.006515527570938652	0.007212957027808718	0.008307289660079037	0.01448253133530647	0.014477022335306467	0.009401157735306469	0.010671066135306469	0.008596755954552619	0.007654296678537824	0.010229146713618638	0.006479936083641636	0.00739460047245904	0.012269377440465436	0.010355467775864304	0.009913577025927408	0.007131020485411459	0.0087034827761483	0.010669066135306469	0.010091080598733784	0.008584544321760533	0.009579772162348356	0.009585912222310368	0.008655475656132304	0.009909149896388143	0.008407493851364863	0.009175658092620737	0.009486515745274477	0.0017752165281971803
C3/C115d	492123	0.0027945419368963103	0.003665545044005599	0.0	0.00913960697675568	0.010023402010312255	0.00886999480429634	0.005271331862053795	0.0016208487085591441	0.008745365805985665	0.007669290703927528	0.008711808194920092	0.008704742910835455	0.00842403515575198	0.01108976278641136	0.009717214376905633	0.010761243405735763	0.010039871428500156	0.009338084217973315	0.010554883179354898	0.010440062101877307	0.010018338759800766	0.011719559032632828	0.009888781937501853	0.010496159827157195	0.011050481925900935	0.011417655178025298	0.011113334262040095	0.009754477785064034	0.011404119880963159	0.009827787050757755	0.005439548293530647	0.011192624029256356	0.008909009305728207	0.010984388882302892	0.010979302443805565	0.009647857492051387	0.010876851738477163	0.011971016421132366	0.018145934193530645	0.018140425193530645	0.013064560593530648	0.014334468993530646	0.0122601588127768	0.011317566363396675	0.013892549571842815	0.010143338941865813	0.011058003330683215	0.015932780298689615	0.01401887063408848	0.013576979884151585	0.010794423343635636	0.01236688563437248	0.014332468993530646	0.013754483456957962	0.01224794717998471	0.013243051457641413	0.013249315080534545	0.012318878514356481	0.013572552754612322	0.01207089670958904	0.012839060950844914	0.013149918603498654	0.005437548293530646
C1d/C1-C42.2-C3-C1b-C3cg	491768	0.008692835028309486	0.005476018774134821	0.00913960697675568	0.0	0.005370315066159606	0.004872151776940716	0.003869082938768024	0.007519757338418476	0.003508509673020639	0.003942694477146856	0.0045837896115672625	0.0053535363346396084	0.0018773011109367189	0.0019503975539507095	0.0020893162506148153	0.001621824069689072	0.0009004138069379188	0.0009784146443966811	0.0014156756827551737	0.0013008164458737437	0.00506302126979906	0.006764249881381246	0.004933704775401777	0.0013566620869228437	0.0019113564047085873	0.006462475246755973	0.0019740489887733683	0.0020340548634601788	0.0022648153634996877	0.0019399583639710559	0.004984064116814955	0.006237322392495481	0.0039538327129494365	0.002938410847837289	0.0018399385941117665	0.005907620912675433	0.005921551043436968	0.0031793166649705094	0.009008308622353293	0.009003623375227431	0.00811217662347296	0.005196843422353294	0.003121141037964794	0.0021783844214181038	0.0047539268651295916	0.001004231149061578	0.0028823145528667814	0.006794330974638124	0.004880006034619615	0.004438175066748099	0.001655798031484665	0.0032278422291372247	0.0051940196694791555	0.004615578577191661	0.003536652350964711	0.004104127276047186	0.004110364106977907	0.0031797945527818313	0.00443378152713186	0.002932091892185556	0.003700256133441431	0.008195068127042154	0.0049834273078576425
C42a/C42.2/C1/C42b-C1b-C1az-C1au-C3	491771	0.009576480706672618	0.006359612945191526	0.010023402010312255	0.005370315066159606	0.0	0.0022506358584843634	0.004752770530893861	0.00840340301678161	0.00586025564818381	0.002354473629092214	0.0019484665309223448	0.003289379725063787	0.005301538384659137	0.006554179199818531	0.005314848609872502	0.006280388244584295	0.005435084565334328	0.004392247643713281	0.006501405661383677	0.006304088476995247	0.0013074438080519927	0.004144914661459178	0.0023146081219322253	0.005958797771287531	0.0070274773961054235	0.0038432081028643337	0.006802551248569684	0.005700125324843877	0.006799529569611406	0.006089467798953653	0.005032479142588706	0.0019038495216389408	0.0019958487186402364	0.004304540328199689	0.00646345779648531	0.0009577475239180408	0.0033022191575886057	0.005283824861197358	0.013542165221419291	0.01353665622141929	0.008462670082188905	0.00973070002141929	0.007655855244076513	0.0067775696990483286	0.009288607217069724	0.005538938285596536	0.004617255591690484	0.011329011326578257	0.00941468638655975	0.007354575349832121	0.0061904330004180115	0.00776255547099113	0.00972870002141929	0.009150277868661596	0.005272037915693052	0.008666469642671456	0.008645044458918042	0.007714508758893549	0.007717271323438684	0.007466806098297275	0.008234970339553149	0.005575780531065255	0.005031848457931034
C42a/C1/C42.2-C1b-C1au-C3-C115k	492288	0.008423073500656705	0.005206099742953411	0.00886999480429634	0.004872151776940716	0.0022506358584843634	0.0	0.003599237911874731	0.0072499958107656946	0.0037858803621251495	0.0012512044169981302	0.00108831216167533	0.0014356480735064655	0.004147918993790503	0.006058170499727387	0.0036528560369499213	0.005109143800459816	0.0050076769768227685	0.003893956690187336	0.006003238615546342	0.0058058972754098355	0.002492265271132132	0.004558002052805363	0.002727329309255092	0.005464419593792482	0.006529334607318811	0.004256271842765133	0.006304408459783072	0.004101539589064374	0.006372304977526463	0.004670520851979209	0.003949825114824071	0.003560184800569772	0.0017471696322995198	0.0038773157361147465	0.005965315007698696	0.0024237162567542826	0.0037152536922404455	0.004856648681911213	0.013114989042133146	0.013109480042133147	0.008035101847570971	0.009303523842133146	0.007228630651991571	0.006286140382175534	0.008861431037783581	0.005111636693307178	0.004189961720447879	0.010901835147292116	0.008987510207273605	0.006927350757747179	0.005763204340434992	0.007335346401791216	0.009301523842133145	0.008723053276576654	0.005086783815738438	0.008211748213671686	0.008217868279631897	0.007287284166808608	0.007290095144152541	0.007039581506212333	0.007807745747468208	0.005988864723051313	0.003949247945691723
C1/C3/C42.2	492292	0.004824410558414159	0.0016084189548345165	0.005271331862053795	0.003869082938768024	0.004752770530893861	0.003599237911874731	0.0	0.003651332868523148	0.0034748688096056385	0.0023985345355789804	0.0034410758926624162	0.003434026130670453	0.003153353764970163	0.0058193710303469665	0.00444670513447931	0.005490824578088246	0.0047689769016591565	0.004067524790602473	0.005284668048695046	0.005169753030327349	0.004747647372018049	0.006448971754868853	0.004618201000355567	0.005225574865963096	0.005780306783244682	0.006147128740757426	0.00584295857954579	0.00448405535885594	0.006133374034912844	0.004557540154337746	0.0023864024390360962	0.0059220442659830876	0.003638024649325773	0.005713712022455336	0.005708906367429424	0.004908614591923346	0.005606272916924577	0.006700479786923577	0.012875934398270174	0.012870425398270173	0.0077951419401559845	0.009064469198270173	0.00698950294873008	0.0060470290756347005	0.008622376393920607	0.004872191861333867	0.005787118912347357	0.010662780503429142	0.008748455563410631	0.008306563930506949	0.005523672623467654	0.007096291757928242	0.009062469198270173	0.008483892379953836	0.006977308576366744	0.007972693569808712	0.007978813635768923	0.007048119071025621	0.008302103294251378	0.006800315772442755	0.00756848001369863	0.007879455300939638	0.0023842326560143986
C3	493380	0.0011743087667833217	0.0020455460504749524	0.0016208487085591441	0.007519757338418476	0.00840340301678161	0.0072499958107656946	0.003651332868523148	0.0	0.00712554913952419	0.006049291710396881	0.007091809201389444	0.0070847439173048095	0.006804191915495352	0.009469898179442056	0.00809738273317005	0.009141393152708916	0.008419872434969508	0.0077182651704588625	0.008935274068859342	0.008820416566963215	0.00839833976627012	0.01009956003910218	0.008268782943971206	0.008876294780047981	0.009430856220383884	0.009797656184494652	0.009493528610506848	0.00813469230612755	0.009784120887432513	0.008208217685375848	0.0038195493	0.00957262503572571	0.007289010312197561	0.009364389888772244	0.009359443008407476	0.008559270066316842	0.009256852744946515	0.010351017427601722	0.016525935199999998	0.0165204262	0.0114445616	0.012714469999999999	0.01064015981924615	0.009697700543231354	0.012272550578312167	0.008523339948335165	0.00943800433715257	0.014312781305158968	0.012398871640557833	0.011956980890620939	0.009174424350104989	0.010746886640841833	0.012712469999999998	0.012134484463427315	0.010627948186454064	0.011623176027041887	0.011629316087003898	0.010698879520825835	0.011952553761081675	0.010450897716058394	0.011219061957314268	0.011529919609968008	0.0038175493
C1d/C1/C42.2/C3-C1b-C3cg-C45c-C115k-C1au-C41p	491849	0.008298626829415201	0.005081751832207709	0.008745365805985665	0.003508509673020639	0.00586025564818381	0.0037858803621251495	0.0034748688096056385	0.00712554913952419	0.0	0.003615096497544659	0.004548698367702919	0.0038028848267290163	0.0017797156252246738	0.005284794068397982	0.0018861286639795065	0.003599958605527789	0.004234745648084263	0.00314786503701342	0.00475006245062622	0.004007072110945621	0.005875782387735491	0.007941380690866924	0.006110846425858451	0.004691091423790484	0.005245595384648919	0.007639642817825108	0.005308181818791384	0.0021556912239604157	0.005599244700367328	0.0025839596669432223	0.004415866280087965	0.007029664741823271	0.005130716936827709	0.005179396325182364	0.004399397950306515	0.006016225687787383	0.007098674047548322	0.006166102869750682	0.012342280424310275	0.012337170464694121	0.009288461947141143	0.008530815224310276	0.006455570374832435	0.005512813758285745	0.008088323379576864	0.004338606604072872	0.005253270992890274	0.010128727489085396	0.008214402549066888	0.0077726044036157405	0.004990061696222677	0.006562270601747052	0.008528416183926428	0.007949992999417517	0.0064433687603306	0.0074383934296027255	0.0074447606214251795	0.006514223889649471	0.007768050279907636	0.006266521229053196	0.007034685470309071	0.009372246560473004	0.004415155364454218
C42a/C42.2/C3-C1-C1b-C1au	491869	0.007222369400287892	0.004005298422530302	0.007669290703927528	0.003942694477146856	0.002354473629092214	0.0012512044169981302	0.0023985345355789804	0.006049291710396881	0.003615096497544659	0.0	0.0012423249786716135	0.0016729617346296112	0.003161415720263921	0.005827471523044605	0.0040956444972908125	0.005498926746667877	0.004776932288923324	0.0034915417674297707	0.005292761794451665	0.005177851160514342	0.002646461945106468	0.004712325974830794	0.0028815259832294287	0.005233690589112903	0.005788350543996801	0.004410595764790563	0.005850955154453663	0.004492062365500345	0.006141575972846883	0.004565569951865799	0.0034482362495051487	0.0037145087225952025	0.0019013970583437166	0.003977105274618834	0.005717022906348095	0.0025103745531427526	0.0038695290042387283	0.004963889228231531	0.012884290065450364	0.012878781065450363	0.00780423107106868	0.009072824865450364	0.0069979016473119895	0.006055411377495953	0.0086307320611008	0.004880938440697458	0.004050980506471773	0.010671136170609333	0.008756811230590824	0.0066966217530675986	0.005532422922443288	0.007104647425108433	0.009070824865450366	0.008492324271897073	0.00524107770976707	0.007981049236988903	0.007987169302949116	0.007056555162129027	0.007059396167469759	0.006808852501532752	0.007577016742788626	0.006143188645076744	0.003447621433949815
C42a/C42.2/C1/C1b-C1j-C1au-C3	491880	0.008264886891280455	0.00504767762777948	0.008711808194920092	0.0045837896115672625	0.0019484665309223448	0.00108831216167533	0.0034410758926624162	0.007091809201389444	0.004548698367702919	0.0012423249786716135	0.0	0.0014219172184747307	0.0039898404457783315	0.00576753523592196	0.004161473765375783	0.005493744280687725	0.004648994313324327	0.0037276066844907276	0.005714760457301819	0.005517387703658537	0.0020403619246423346	0.0041062836710180775	0.0022753656255885585	0.005172095598510597	0.006240864446675007	0.0038045534609778475	0.006015907284673116	0.00473396386057577	0.0060136343630722445	0.005125540231047581	0.0037210754235605763	0.0031176107337764895	0.0012953056323747666	0.003518645121660529	0.005676813832588741	0.002191557432710557	0.002779842796197281	0.004497987863538562	0.012756328223760495	0.012750819223760496	0.007676499605767693	0.008944863023760496	0.006869960037537352	0.005990867526271392	0.00850277021941093	0.004753078634390688	0.003831317771192409	0.010543174328919463	0.008628849388900954	0.006568680143292961	0.005404669871522557	0.006976685583418564	0.008942863023760496	0.008364382662122437	0.004635055637869586	0.007879825678774884	0.007859207461259246	0.00692861355235439	0.00693143432577989	0.0066809108917581135	0.007449075133013988	0.005537146341264029	0.003720860109686126
C42a/C1/C42.2/C1b/C1j-C1au-C3-C115l	492460	0.00825782160719582	0.005040567284441728	0.008704742910835455	0.0053535363346396084	0.003289379725063787	0.0014356480735064655	0.003434026130670453	0.0070847439173048095	0.0038028848267290163	0.0016729617346296112	0.0014219172184747307	0.0	0.004544863441037688	0.006537357830695012	0.004192418543486953	0.005590553184936986	0.0054501468	0.004416535743267019	0.006484567033110067	0.006287249848721637	0.0034622791431170655	0.005528152769962253	0.003697230615009894	0.005941959143013921	0.00701065762650205	0.005226422559922024	0.006785729879446167	0.004764927115950639	0.0068148122773855225	0.005156513621766494	0.003745371916754973	0.004530335517726663	0.002717197423211895	0.0047929932513958	0.006446636427361791	0.003501058705817661	0.004201711895141458	0.005779716023362991	0.013557465188343495	0.013551956188343497	0.008477270234749576	0.009745999988343497	0.007671137951850628	0.006760731070774719	0.009303907183993931	0.005554176278482751	0.004866846689786779	0.011344311293502465	0.009429986353483955	0.007386201329829176	0.0062057265658843445	0.007777838178765246	0.009743999988343497	0.009165560576435711	0.006056965686544037	0.008654224359882036	0.008660344425842247	0.007729791466667665	0.0077325712903628906	0.007482088806071391	0.008250253047327264	0.006959015440208205	0.0037451213919124267
C1d/C1/C42.2-C1b-C3-C3cg-C45c	492017	0.007977269605386361	0.004760400966926983	0.00842403515575198	0.0018773011109367189	0.005301538384659137	0.004147918993790503	0.003153353764970163	0.006804191915495352	0.0017797156252246738	0.003161415720263921	0.0039898404457783315	0.004544863441037688	0.0	0.0037345963926491	0.00149206840039988	0.0027228625851167714	0.0026844149049585126	0.0019826035016894928	0.003199868123372988	0.002456835996228629	0.005296392034859542	0.006997660796484297	0.005167075540462259	0.003140828735278337	0.003695432680175947	0.006695930586444066	0.0037580372906328104	0.001526472142423194	0.004048982011855181	0.00174975537013211	0.004175451205218434	0.006470775766439831	0.0041868991894324645	0.003629133636670218	0.0028492002745576324	0.005457494446750972	0.0061549649955413375	0.004615960777326802	0.010792202152644207	0.010787211597110867	0.008345053536688995	0.006980736952644206	0.004905307686320287	0.003962551069773597	0.0065381257038279825	0.002788251107717352	0.0037029858375000517	0.008578529813336514	0.0066642048733180055	0.006222341715103594	0.00343975814180157	0.005012041067835616	0.006978218508177547	0.00639973031090537	0.004893106071818454	0.005888195753853843	0.005894562945676297	0.004963961201137324	0.006217852604158753	0.0047162585405410495	0.005484422781796924	0.008428523466730248	0.004174628052164351
C1d-C42.2-C1-C3cg-C1b	491691	0.010642975869333066	0.007426239140265974	0.01108976278641136	0.0019503975539507095	0.006554179199818531	0.006058170499727387	0.0058193710303469665	0.009469898179442056	0.005284794068397982	0.005827471523044605	0.00576753523592196	0.006537357830695012	0.0037345963926491	0.0	0.0033986888296579972	0.0016848371387521857	0.0015634361426787283	0.0023360208745245373	0.0015223826766712055	0.002152205609187635	0.005872554931149341	0.006784373241541936	0.00500205859681498	0.000596025043564872	0.0020311362172966262	0.006482475639533181	0.001530329118131455	0.003519323027724252	0.0007480316996930975	0.003743423831202861	0.006167240616188381	0.00642852633186955	0.005003235953770013	0.0029586374729635343	0.0008854162175710726	0.00711022718196743	0.006259418991226398	0.0031993785848150437	0.007058298994360564	0.00705400167319268	0.00813285205471453	0.0032468337943605636	0.00117084472214773	0.0003070804924445469	0.002803529311178882	0.0014599377190780926	0.0029025408052445268	0.0048439849315531245	0.0029299906083663624	0.002752254976752325	0.0008087739252474755	0.001277526831517973	0.0032436221155284473	0.0026656520697882014	0.0035567181714688647	0.0021541176480544557	0.0021602415128750096	0.001229711768860927	0.0024837718991391304	0.0015009290252474754	0.0017499970945405456	0.008215111987487655	0.00616685345490451
C1d/C42.2/C1-C1b-C3cg-C45c-C115k-C1au	491719	0.00927046042306106	0.006053606980043048	0.009717214376905633	0.0020893162506148153	0.005314848609872502	0.0036528560369499213	0.00444670513447931	0.00809738273317005	0.0018861286639795065	0.0040956444972908125	0.004161473765375783	0.004192418543486953	0.00149206840039988	0.0033986888296579972	0.0	0.0017138533667878035	0.002348664694761572	0.0013359943410976704	0.0032201210168649407	0.002394669743048342	0.0053093345722383285	0.007369598202574887	0.005539062493776265	0.002804962759810978	0.003746191616255123	0.007067860756792963	0.003521262469619114	0.0006672677209427347	0.003713116036387821	0.0011645316777223176	0.0049206793322203336	0.006483755692601982	0.004559019361209246	0.0035437993228716017	0.0025132927115665295	0.005485380784899028	0.006526902763610918	0.004280192572528242	0.010456433947845649	0.010451582750504848	0.008717220835899231	0.006644968747845648	0.004569441710852927	0.0036266850943062375	0.006202218140836879	0.0024525804073740843	0.0034876968638634827	0.008242622250345413	0.006328297310326903	0.005886475739636234	0.003104155246514246	0.004676141937767546	0.006642310945186445	0.00606386433543801	0.004557325070858743	0.005552288190862741	0.005558655382685195	0.004628095225669964	0.00588194504116765	0.0043803925650736895	0.005148556806329564	0.008800453637079143	0.004920128297530741
C1d-C42.2-C1-C3cg-C1b-C45c-C115k	491720	0.010314470842599927	0.007097735789414826	0.010761243405735763	0.001621824069689072	0.006280388244584295	0.005109143800459816	0.005490824578088246	0.009141393152708916	0.003599958605527789	0.005498926746667877	0.005493744280687725	0.005590553184936986	0.0027228625851167714	0.0016848371387521857	0.0017138533667878035	0.0	0.0013640906337250192	0.0020074473902629	0.0015776692286243407	0.0012336268485205917	0.005598819320760467	0.0072894142876230575	0.0054590123215846175	0.0010913477322970814	0.002104081412424446	0.006987541419386494	0.0018790815137433594	0.001834487564854058	0.001999325937250904	0.0020585883683326665	0.005893533112844861	0.006762487132536986	0.004729471666808647	0.003463609065226153	0.0008912164064218689	0.006817573015258957	0.006446764652844055	0.0037044404203262125	0.008742902186635346	0.00873837259487205	0.008637486271781288	0.004931436986635346	0.0028556339604281964	0.001912877343881506	0.004488364774049076	0.0013828114790979211	0.0034074737290236733	0.006528768883557609	0.004614593800641144	0.004172786483539598	0.0016784465587202963	0.0029623341873428136	0.00492845757839864	0.0043502271550176315	0.00406176071563574	0.003838720840329237	0.0038448447051497915	0.002914299326333632	0.004168375091413913	0.002666584814648958	0.003434749055904833	0.00872015453165453	0.00589310328477609
C1d/C1-C42.2-C1b	491737	0.00959295012486052	0.0063759299318675005	0.010039871428500156	0.0009004138069379188	0.005435084565334328	0.0050076769768227685	0.0047689769016591565	0.008419872434969508	0.004234745648084263	0.004776932288923324	0.004648994313324327	0.0054501468	0.0026844149049585126	0.0015634361426787283	0.002348664694761572	0.0013640906337250192	0.0	0.0012858907714185749	0.0015108534557832648	0.0013497612146466064	0.004309446761611516	0.005926165218367731	0.004095352630545234	0.0009679287756381681	0.0020370812080275913	0.005624435008327501	0.0018120888803458963	0.0024693627721446396	0.0013647186614303077	0.002693445782740401	0.004604215767179846	0.005399403738903033	0.003439854913816615	0.002100318550801245	0.0014727199109167244	0.006060124042555717	0.005083393640157953	0.0023412764265420376	0.00810833208423473	0.008103659033449966	0.0072742687453364	0.0042968668842347305	0.0022210646854794016	0.001786720353235851	0.003853938130669929	0.00010424341430200545	0.002044105127262049	0.0058943422401784625	0.003980023698240529	0.0035381256672562707	0.0011180455434928083	0.0023278534946775623	0.004294030935019495	0.0037154940714633797	0.0026985317366490054	0.0036758583191342595	0.0032103753725182442	0.0022796978507124517	0.003533804989013296	0.0020319951901161763	0.002800159431372051	0.007357027888613683	0.004603891864350694
C1d/C1-C42.2-C1b-C3cg-C1au	491763	0.008891342860349873	0.005674446230287975	0.009338084217973315	0.0009784146443966811	0.004392247643713281	0.003893956690187336	0.004067524790602473	0.0077182651704588625	0.00314786503701342	0.0034915417674297707	0.0037276066844907276	0.004416535743267019	0.0019826035016894928	0.0023360208745245373	0.0013359943410976704	0.0020074473902629	0.0012858907714185749	0.0	0.0021093915590022993	0.0019120335993214684	0.004556060153423973	0.006621743237432013	0.004791124191546933	0.0017422474188932527	0.0026354607588123563	0.006320013027391783	0.002410582396940918	0.001767933934893499	0.0026504006954700962	0.0019917875991792	0.004589726041407578	0.005623925985196422	0.003811120168682717	0.002795904207686157	0.0022255619146855942	0.004929404572265817	0.005779033440687794	0.0032175865988003606	0.009393827974117766	0.009389038758182547	0.007969544455093472	0.005582362774117765	0.0035067263699352035	0.002563969753388513	0.005139550185703419	0.0013897733602615888	0.0027397863532966525	0.007179954295211953	0.005265629355193443	0.0048237603987185095	0.002041367568193653	0.0036134655497110525	0.005579642990052984	0.005001148994520287	0.0034946717113465958	0.004489646627811657	0.004495987427551735	0.00356537988475224	0.004819300878896331	0.003317677224155965	0.004085841465411839	0.008052605907677963	0.004589115824472658
C1d-C42.2-C1-C1b-C3cg-C3cw	491765	0.010108351758750352	0.006891608282742238	0.010554883179354898	0.0014156756827551737	0.006501405661383677	0.006003238615546342	0.005284668048695046	0.008935274068859342	0.00475006245062622	0.005292761794451665	0.005714760457301819	0.006484567033110067	0.003199868123372988	0.0015223826766712055	0.0032201210168649407	0.0015776692286243407	0.0015108534557832648	0.0021093915590022993	0.0	0.0008255871671149826	0.005820020501309607	0.007247252512631871	0.005416858675129088	0.0009425774465090103	0.0008166782157652696	0.006945410698160553	0.0015462720132460262	0.0031646927760478898	0.001836846949063286	0.002221043980561159	0.006114779709817055	0.00672033459398579	0.004950680818237214	0.003421439698816477	0.0014119370859442162	0.007038474064409913	0.006404584265510347	0.003662308499460163	0.008580470265240428	0.008575964364310707	0.008595455571828451	0.004769005065240427	0.0026931329317766506	0.0017503779280634464	0.004325909161820584	0.0014072730057556606	0.0033653127854370106	0.006366313271329117	0.004452161879246227	0.004010309145721626	0.0017792497339756631	0.0027998331586912674	0.004766001966170149	0.004187749817199659	0.004019591801169649	0.003676288918934319	0.003682412783754873	0.002751806268561514	0.004005943170018994	0.002504083785997412	0.0032722480272532866	0.00867799798012623	0.006114262265050484
C1d-C42.2-C1-C1b-C3cg-C3cw-C45c	491769	0.009993494256854226	0.006776750007347653	0.010440062101877307	0.0013008164458737437	0.006304088476995247	0.0058058972754098355	0.005169753030327349	0.008820416566963215	0.004007072110945621	0.005177851160514342	0.005517387703658537	0.006287249848721637	0.002456835996228629	0.002152205609187635	0.002394669743048342	0.0012336268485205917	0.0013497612146466064	0.0019120335993214684	0.0008255871671149826	0.0	0.0056225970899927745	0.007275413584177648	0.005444841952072422	0.0015585135200419833	0.0014267571737310747	0.00697357359490847	0.0021759966016151604	0.002339220084746101	0.0024665640377223856	0.0015912512491203516	0.00591741564017393	0.006748497490733707	0.004753259232122522	0.0034495473720194806	0.0014136211437427537	0.006841171687014812	0.006432747162258265	0.0036904695710059405	0.009210167934396241	0.009205543580537785	0.008623439852688925	0.005398702734396242	0.003322889712187493	0.002380141518906169	0.004955725283905133	0.0013684579822767055	0.0033934171140096786	0.0069961293934136665	0.005081859548402041	0.004639947473203733	0.002183684435629533	0.003429640647912767	0.005395818088254699	0.004817388144681765	0.004047694304540178	0.004305986588090133	0.004312162525753448	0.003381564874174495	0.004635640839174808	0.0031338405664082546	0.003902004807664129	0.008706159825170466	0.0059169242367353055
C42a/C42.2-C1b-C1-C42b-C1au	491770	0.00957141745616113	0.006354162133706948	0.010018338759800766	0.00506302126979906	0.0013074438080519927	0.002492265271132132	0.004747647372018049	0.00839833976627012	0.005875782387735491	0.002646461945106468	0.0020403619246423346	0.0034622791431170655	0.005296392034859542	0.005872554931149341	0.0053093345722383285	0.005598819320760467	0.004309446761611516	0.004556060153423973	0.005820020501309607	0.0056225970899927745	0.0	0.002838014316193241	0.0010071643138802328	0.005277066834978319	0.006346120092002399	0.0025363016751674496	0.006121085177096871	0.005694413053170885	0.005673883332124209	0.006083871607410874	0.004582448168959313	0.0011750426554145332	0.0011097464302794366	0.003178975629278316	0.005781870961241626	0.0022650687932393985	0.001995235514435669	0.004158320820923722	0.012416644386184145	0.012411135386184144	0.007337373955233429	0.008605179186184144	0.006530212936644053	0.006095817881724882	0.00816308638183458	0.004413690175913523	0.003491718272995958	0.010203490491343111	0.008289165551324602	0.006228959995393224	0.005342820236764827	0.0066370017458422135	0.008603179186184145	0.008024627407986247	0.0041463391579226235	0.007984775039758071	0.007519523623682895	0.006588897114487736	0.00659175048820354	0.006341155637621925	0.007109319878877799	0.0042688601657705355	0.004582645709697091
C42a/C42.2-C42ak-C1-C1b-C42al	491781	0.01127263772899319	0.008055777050233484	0.011719559032632828	0.006764249881381246	0.004144914661459178	0.004558002052805363	0.006448971754868853	0.01009956003910218	0.007941380690866924	0.004712325974830794	0.0041062836710180775	0.005528152769962253	0.006997660796484297	0.006784373241541936	0.007369598202574887	0.0072894142876230575	0.005926165218367731	0.006621743237432013	0.007247252512631871	0.007275413584177648	0.002838014316193241	0.0	0.001832147221105779	0.006305305640525109	0.007875518980249836	0.0009521105353139938	0.0075329928115655835	0.007395606237163241	0.0063216250815037	0.007785126572902158	0.006283888763497301	0.0022414094676122794	0.0028113599648570287	0.003826647437772446	0.007121174792651257	0.005102515972221049	0.0013267200650089505	0.004805832487158591	0.013064172847380524	0.013058663847380525	0.007985575492131575	0.009252707647380523	0.007177854175284944	0.006743640216966607	0.008810614843030959	0.005907947294714869	0.004139537173355328	0.010851018952539492	0.008936694012520983	0.006876574281040552	0.007043549590261921	0.0072845544021995605	0.009250707647380525	0.008672276799870026	0.004793973154425018	0.008632477822942998	0.008167052084879275	0.007236551681303739	0.007239278949399919	0.0069889184958635275	0.00775696927076158	0.0019974178700659867	0.006283753590531894
C42a/C42.2/C1b	493329	0.009441860633862216	0.006224322090675395	0.009888781937501853	0.004933704775401777	0.0023146081219322253	0.002727329309255092	0.004618201000355567	0.008268782943971206	0.006110846425858451	0.0028815259832294287	0.0022753656255885585	0.003697230615009894	0.005167075540462259	0.00500205859681498	0.005539062493776265	0.0054590123215846175	0.004095352630545234	0.004791124191546933	0.005416858675129088	0.005444841952072422	0.0010071643138802328	0.001832147221105779	0.0	0.004474801781310727	0.006045160273459588	0.001530268388685656	0.005702669319925648	0.005565086290602554	0.004803149843241352	0.005954555113013589	0.004452176655368926	0.0014285196681098524	0.000980176351029794	0.0023083237691961605	0.005290898939569185	0.003272233107119632	0.0012590406217020378	0.003287650138893671	0.011545476253389322	0.011539967253389322	0.00646643558680264	0.007734011053389322	0.005659470718666266	0.005225321547390522	0.007291918249039758	0.004077278929962606	0.0026210723330133967	0.009332322358548289	0.007418383302764509	0.005357791862598402	0.00521337269553882	0.005766312717226554	0.007732011053389322	0.007153664189082183	0.003275576903364329	0.0071142573118417865	0.0066488253499303596	0.005718219214487102	0.005721016225247765	0.005469828691463313	0.006238014869517709	0.003262600173295341	0.004453233643971205
C1d-C42.2-C1-C1k-C1b-C3cg	491811	0.010049372469938991	0.006832597832587557	0.010496159827157195	0.0013566620869228437	0.005958797771287531	0.005464419593792482	0.005225574865963096	0.008876294780047981	0.004691091423790484	0.005233690589112903	0.005172095598510597	0.005941959143013921	0.003140828735278337	0.000596025043564872	0.002804962759810978	0.0010913477322970814	0.0009679287756381681	0.0017422474188932527	0.0009425774465090103	0.0015585135200419833	0.005277066834978319	0.006305305640525109	0.004474801781310727	0.0	0.001570847031212891	0.006003489389076607	0.001228454074869159	0.0029256315786385443	0.0009081759697191427	0.0031496620102658937	0.00557193141187525	0.0058332901727509	0.004407722505566996	0.0024794310317255985	0.0008166266407665943	0.006516537922574435	0.005664192394029951	0.0027201910955661165	0.007652091439544182	0.007647753371171531	0.007653641785085966	0.003840285175969612	0.0017645495439605522	0.0008217488385507066	0.0033973625035672687	0.0008644850258351656	0.0024232831807529816	0.005438107676650371	0.0035237830535499812	0.00308189110372818	0.0012504295769629995	0.0018714483993621867	0.0038379669032786888	0.0032592636690220293	0.0030774193674231037	0.0027479100932380736	0.002754140808990154	0.00182348677996218	0.0030775643443227488	0.0015759414006245676	0.002343764578305872	0.007736082269362789	0.005571558760935626
C1d/C1-C1mt-C42.2-C3cg-C1b-C3cw	492846	0.010603933910274895	0.007387140449262283	0.011050481925900935	0.0019113564047085873	0.0070274773961054235	0.006529334607318811	0.005780306783244682	0.009430856220383884	0.005245595384648919	0.005788350543996801	0.006240864446675007	0.00701065762650205	0.003695432680175947	0.0020311362172966262	0.003746191616255123	0.002104081412424446	0.0020370812080275913	0.0026354607588123563	0.0008166782157652696	0.0014267571737310747	0.006346120092002399	0.007875518980249836	0.006045160273459588	0.001570847031212891	0.0	0.007573690103149056	0.0008623270401479557	0.0036907297543768507	0.002345450190904725	0.002904623479714847	0.006640828915625313	0.007348583976873366	0.005476786607070565	0.004049723902365411	0.0019206908025992202	0.007564557598150676	0.007032818084174747	0.003175203735579326	0.009087998549525142	0.009084454360081975	0.009223729978316504	0.005277158761901429	0.003201788462850336	0.0022590076511426775	0.004834351971747607	0.001968902790618875	0.003993646973990444	0.00568273378858394	0.003768408848565431	0.003379775468738939	0.0021858076411335166	0.0033084496975633935	0.005274757482285314	0.003678414203953353	0.0040121094405278415	0.002992420322923123	0.0029987669209237226	0.00326014806176296	0.0033289322378686394	0.0030128896869971123	0.0037807983538104316	0.009306313607601317	0.006640365854543637
C42a-C42.2-C1-C42ak-C1b	492847	0.010970733874385664	0.007753985999697151	0.011417655178025298	0.006462475246755973	0.0038432081028643337	0.004256271842765133	0.006147128740757426	0.009797656184494652	0.007639642817825108	0.004410595764790563	0.0038045534609778475	0.005226422559922024	0.006695930586444066	0.006482475639533181	0.007067860756792963	0.006987541419386494	0.005624435008327501	0.006320013027391783	0.006945410698160553	0.00697357359490847	0.0025363016751674496	0.0009521105353139938	0.001530268388685656	0.006003489389076607	0.007573690103149056	0.0	0.007231207347155853	0.007093826704960254	0.005817502549856308	0.007483343108338902	0.00598210108623413	0.0019393585812253922	0.002509629754816798	0.003524116457526256	0.006819269764110767	0.004800772718236646	0.0011154652087973609	0.004398501762951114	0.01255986885943217	0.012554359859432169	0.007481441775477357	0.00874840365943217	0.006673614401105852	0.006239514312046055	0.008306310855082604	0.005606104280603442	0.0036354078951616156	0.010346714964591138	0.008432390024572628	0.00637233450686146	0.006741642362381231	0.006780314628020469	0.008746403659432168	0.008168037025690935	0.004289733380245926	0.008128170461721484	0.007662748696750974	0.006732405006589329	0.0067349749614515645	0.006484795964216137	0.007252729496582489	0.0017329123278032558	0.005981846362651205
C1d-C1mt-C42.2-C1-C3cg-C1b	492848	0.01066660630039786	0.007449765653541	0.011113334262040095	0.0019740489887733683	0.006802551248569684	0.006304408459783072	0.00584295857954579	0.009493528610506848	0.005308181818791384	0.005850955154453663	0.006015907284673116	0.006785729879446167	0.0037580372906328104	0.001530329118131455	0.003521262469619114	0.0018790815137433594	0.0018120888803458963	0.002410582396940918	0.0015462720132460262	0.0021759966016151604	0.006121085177096871	0.0075329928115655835	0.005702669319925648	0.001228454074869159	0.0008623270401479557	0.007231207347155853	0.0	0.0035426991799977284	0.0018446443421593485	0.003766873308440064	0.006415793600839747	0.007006068491254828	0.005251730698463147	0.0037071987249854494	0.0014198701582925119	0.007339756480832009	0.006690274546416075	0.002832712382165351	0.00858684440526842	0.008583615721173648	0.008881316601509547	0.004776194160781765	0.00270098261410496	0.0017582018023973012	0.004333450951553664	0.0017086749509050618	0.003651151021956055	0.004820567700150471	0.0031714057627511747	0.002878969619993562	0.00180249082111952	0.002807643848818017	0.004773951233659902	0.003177418812070918	0.003669634482195342	0.0021302336406677997	0.002411051343736879	0.0027593212193156936	0.002827918451504549	0.0025120838382517363	0.0032799925050650547	0.008963838649268818	0.006415411115585324
C1d/C1/C42.2-C3cg-C1b-C115k-C45c-C42ap	492851	0.00930776999601856	0.006090939780898233	0.009754477785064034	0.0020340548634601788	0.005700125324843877	0.004101539589064374	0.00448405535885594	0.00813469230612755	0.0021556912239604157	0.004492062365500345	0.00473396386057577	0.004764927115950639	0.001526472142423194	0.003519323027724252	0.0006672677209427347	0.001834487564854058	0.0024693627721446396	0.001767933934893499	0.0031646927760478898	0.002339220084746101	0.005694413053170885	0.007395606237163241	0.005565086290602554	0.0029256315786385443	0.0036907297543768507	0.007093826704960254	0.0035426991799977284	0.0	0.003833784855215388	0.0011093623334466206	0.0051340079906137545	0.006868671884956018	0.004585198540988822	0.0035697998918002064	0.002633926909632784	0.006057805254830754	0.006552888540695588	0.004400808112277557	0.01057704948759496	0.010572179631937224	0.008743319564784087	0.006765584287594963	0.004690110529680495	0.0037473539131338044	0.006322852338903135	0.002573309294466657	0.0035137034634499026	0.008363256448411668	0.006448931508393157	0.0060071445584638	0.0032249151644015398	0.004796810756595112	0.006762945143252699	0.0061845331542655785	0.004677977156641448	0.005672922388928994	0.005679289580751449	0.0047487640444975315	0.0060025792392339045	0.004501061383901257	0.005269225625157132	0.00882644164312994	0.0051334937962914835
C1d-C42.2-C1-C1k-C1b	492863	0.010957198577323524	0.007740461873768776	0.011404119880963159	0.0022648153634996877	0.006799529569611406	0.006372304977526463	0.006133374034912844	0.009784120887432513	0.005599244700367328	0.006141575972846883	0.0060136343630722445	0.0068148122773855225	0.004048982011855181	0.0007480316996930975	0.003713116036387821	0.001999325937250904	0.0013647186614303077	0.0026504006954700962	0.001836846949063286	0.0024665640377223856	0.005673883332124209	0.0063216250815037	0.004803149843241352	0.0009081759697191427	0.002345450190904725	0.005817502549856308	0.0018446443421593485	0.003833784855215388	0.0	0.004057815286842737	0.005968560989552089	0.0062300865606082865	0.0048044804337832436	0.0024950152362127574	0.0012000573837777694	0.007424557252729846	0.006060777409535876	0.002631094882219858	0.006744104854459108	0.006739885196590681	0.007385682207008597	0.002932313719646071	0.0008564218552289543	0.0004412417491401723	0.00248925750797797	0.0012612049211542502	0.002182602205288942	0.00452998755229954	0.0026157964684649063	0.002173873472787276	0.0010072039975884107	0.0009633358393921217	0.0029298392145470907	0.0023512539979104177	0.0028091633411566983	0.002311729035519681	0.001846047372973554	0.0009153953060587883	0.0021695777592376747	0.0007535323095064926	0.001435603737348262	0.007467822460527894	0.005968327036342732
