C3/C3dc	492632	0	0.5355046449535504	0.42481575184248155	1.0	1.0	1.0	1.0	1.0	1.0	1.0	1.0	1.0	1.0	1.0	1.0	1.0	1.0	1.0	1.0	1.0	1.0	1.0	1.0	0.9070518589628207	1.0	1.0	0.9418814529636759	0.9325116872078199	0.6660250096248557	1.0	1.0	1.0	1.0	1.0	1.0	1.0	1.0	1.0	0.3077434612826936	1.0	0.9463013424664384	1.0	1.0	1.0	0.8409123863142053	0.9417908731369029	1.0	1.0	1.0	1.0	1.0	1.0	0.937681557961051	1.0	1.0	1.0	1.0	1.0	1.0	1.0	1.0	1.0	0.9224815503689926
C1b/C3	493145	0.5355046449535504	0	0.5355046449535504	1.0	1.0	1.0	1.0	1.0	1.0	0.9362112757744845	1.0	1.0	1.0	1.0	1.0	1.0	0.9070418591628168	0.936681582960426	1.0	0.8653820192697109	1.0	0.8962525936851579	0.934510982335265	0.8233735325293494	0.9343216419589511	0.8065429018564721	0.8453138671533211	0.809484762880928	0.6660250096248557	0.9052014219786704	0.7357839632405514	0.9267210991835122	0.9220515589688206	0.9334613307733846	0.9102422439439014	0.9128417431651367	0.9362509562356565	1.0	0.5355023224883876	0.9185720356991075	0.8479938001549961	0.46449267753661233	0.9158516829663407	1.0	0.6935945960810588	0.8015029774553382	0.8090819091809082	1.0	0.9147617047659047	0.9402508962365564	0.9153616927661447	0.9087718245635087	0.8010349741256468	1.0	1.0	1.0	1.0	1.0	1.0	0.9190016199676007	1.0	1.0	0.8257234855302894
C3/C115d	492123	0.42481575184248155	0.5355046449535504	0	1.0	1.0	1.0	1.0	1.0	1.0	1.0	1.0	1.0	1.0	1.0	1.0	1.0	1.0	1.0	1.0	1.0	1.0	1.0	1.0	0.9070518589628207	1.0	1.0	0.9418814529636759	0.9325116872078199	0.6660250096248557	1.0	1.0	1.0	1.0	1.0	1.0	1.0	1.0	1.0	0.42481287593562034	1.0	0.9463013424664384	1.0	1.0	1.0	0.8409123863142053	0.9417908731369029	1.0	1.0	1.0	1.0	0.9303513929721405	1.0	0.937681557961051	1.0	1.0	1.0	1.0	1.0	1.0	1.0	1.0	1.0	0.9224815503689926
C42en	493665	1.0	1.0	1.0	0	1.0	1.0	1.0	1.0	1.0	1.0	1.0	1.0	1.0	1.0	1.0	1.0	1.0	1.0	1.0	1.0	1.0	1.0	1.0	1.0	1.0	1.0	1.0	1.0	1.0	1.0	1.0	1.0	1.0	1.0	1.0	1.0	1.0	1.0	1.0	1.0	1.0	1.0	1.0	1.0	1.0	1.0	1.0	1.0	1.0	1.0	1.0	1.0	1.0	1.0	1.0	1.0	1.0	1.0	1.0	1.0	1.0	1.0	1.0
C1or	493666	1.0	1.0	1.0	1.0	0	1.0	1.0	1.0	1.0	1.0	1.0	1.0	1.0	1.0	1.0	1.0	1.0	1.0	1.0	1.0	1.0	1.0	1.0	1.0	1.0	1.0	1.0	1.0	1.0	1.0	1.0	1.0	1.0	1.0	1.0	1.0	1.0	1.0	1.0	1.0	1.0	1.0	1.0	1.0	1.0	1.0	1.0	1.0	1.0	1.0	1.0	1.0	1.0	1.0	1.0	1.0	1.0	1.0	1.0	1.0	1.0	1.0	1.0
C42eo	493667	1.0	1.0	1.0	1.0	1.0	0	1.0	1.0	1.0	1.0	1.0	1.0	1.0	1.0	1.0	1.0	1.0	1.0	1.0	1.0	1.0	1.0	1.0	1.0	1.0	1.0	1.0	1.0	1.0	1.0	1.0	1.0	1.0	1.0	1.0	1.0	1.0	1.0	1.0	1.0	1.0	1.0	1.0	1.0	1.0	1.0	1.0	1.0	1.0	1.0	1.0	1.0	1.0	1.0	1.0	1.0	1.0	1.0	1.0	1.0	1.0	1.0	1.0
C1k	493668	1.0	1.0	1.0	1.0	1.0	1.0	0	1.0	0.9248307516924831	1.0	1.0	0.9127213091803623	1.0	1.0	1.0	1.0	1.0	1.0	1.0	1.0	1.0	1.0	1.0	1.0	1.0	1.0	1.0	1.0	1.0	1.0	1.0	0.9147808521914781	1.0	1.0	1.0	1.0	0.9185208147918521	1.0	1.0	1.0	1.0	1.0	1.0	1.0	1.0	1.0	1.0	0.795401022994885	1.0	1.0	1.0	1.0	1.0	1.0	1.0	1.0	1.0	1.0	1.0	1.0	1.0	1.0	1.0
C1d/C1-C42.2	491689	1.0	1.0	1.0	1.0	1.0	1.0	1.0	0	0.24567508649827002	0.31051723706907325	0.2538886527836804	0.2382990425239369	0.7682957926051849	0.5736463953040705	0.377542449151017	0.3655495167572486	0.3326466838329042	0.28967130986070416	0.2393814092788608	0.1346173076538469	0.27663085053724196	0.2702618921432357	0.27103457930841385	0.2512387190320242	0.24228273151805446	0.6542369152616948	0.6841294761157165	0.6213913582592522	0.4263514729705406	0.7063158736825264	0.760614787704246	0.2254254914901702	0.3686257843553911	0.7366865828354291	0.39006829795106146	0.3622259443513912	0.2119957600847983	0.6657333426665734	1.0	0.3256302310930672	0.4606361809145726	1.0	0.710067248318792	0.5736442635573644	0.621807563848723	0.633697326053479	0.5587766183507248	0.48696769548456775	0.35719607009824755	0.30576388472230553	0.6726181845453864	0.7104872378190545	0.6414607561773147	0.2999075023124422	0.3941621167576648	0.4124346891327717	0.3228703138905833	0.19468610627787444	0.4271643208919777	0.5002224944376391	0.3342599861002085	0.3342599861002085	0.32199695007624807
C1d-C42.2-C1-C1k	491690	1.0	1.0	1.0	1.0	1.0	1.0	0.9248307516924831	0.24567508649827002	0	0.16054098647533813	0.3549461263468413	0.09418264543386415	0.7682957926051849	0.4198987015194772	0.377542449151017	0.3614195787063194	0.39156521086972823	0.25341239762807116	0.2966905496417554	0.253964920701586	0.11943320850187247	0.3368698939031829	0.21901561968760624	0.3038774030649234	0.24849254522364328	0.6720265594688106	0.7327480175594732	0.7084987450376489	0.6720265594688106	0.7284154316913661	0.7784744305113898	0.18184636307273855	0.38877528061798455	0.7605259868503288	0.4207073787786366	0.4181545461363466	0.11509769804603907	0.8935510644893551	1.0	0.3666590002299931	0.5326240212793616	1.0	0.7380365490862728	0.4031359686403136	0.6934961300773984	0.7036459270814583	0.6720249196262056	0.24129138062929056	0.3887252818679533	0.20746585068298634	0.7390765230869228	0.7490362740931477	0.7240882773516795	0.3165670858228544	0.3941621167576648	0.4154346141346466	0.2918112456626301	0.16939661206775863	0.4291542711432214	0.5223219419514512	0.22369164462533062	0.2002919956200657	0.44044398890027747
C1d-C42.2-C1-C3cg-C1b	491691	1.0	0.9362112757744845	1.0	1.0	1.0	1.0	1.0	0.31051723706907325	0.16054098647533813	0	0.41978740637780865	0.16451506454806356	0.7988760337189884	0.4199016019679606	0.37754556136096595	0.43336133277334454	0.2769116926492205	0.11650092246771362	0.27076458470830583	0.2550186245343866	0.1381972360552789	0.24597639082632108	0.10570235744106397	0.19391418257452275	0.16832910848120317	0.679928001799955	0.6730814421495248	0.6730814421495248	0.7368665783355416	0.6730781730456739	0.8000549986250344	0.19114022149446264	0.24926252212433628	0.6762097137085887	0.28060517881874136	0.28622141335759926	0.19607009824754382	0.8730219046714299	1.0	0.26997555085572006	0.4063107791227307	0.9362109568356475	0.6730798076057718	0.39410908836367453	0.6730781730456739	0.6730781730456739	0.6730765384692307	0.3074338513229735	0.36884893453196405	0.05999350016249594	0.6730798076057718	0.6730798076057718	0.6730814421495248	0.40193794186174414	0.4759831004224894	0.35069947901562953	0.28080517181898634	0.23423914402139948	0.42716718498445044	0.4416567502974911	0.30906381872362554	0.2856642867142657	0.34661960141195763
C1d/C42a/C42.2-C1	493232	1.0	1.0	1.0	1.0	1.0	1.0	1.0	0.2538886527836804	0.3549461263468413	0.41978740637780865	0	0.3475695729128126	0.5276841694749157	0.6829163416731665	0.47530311742206444	0.2627747445051099	0.3445396638100857	0.39894103706370276	0.49327013459730806	0.261558461038474	0.38590228195436094	0.3130940417085402	0.38030549236269096	0.34612961611151666	0.35155269565565206	0.4136246593835154	0.4435194768183114	0.38469153579624715	0.5576910577235569	0.4657033574160646	0.5067223319417015	0.3233569160770981	0.40854774356769297	0.4960751177464676	0.398271060512882	0.36480905572832817	0.30990725231869204	0.8103528447073294	1.0	0.3444629437969671	0.46063887763928263	1.0	0.4694559163225103	0.6829147562786558	0.39314517137071575	0.39308517287067823	0.31707365852682945	0.5962380752384953	0.11658650240492785	0.4150346241343966	0.44544663660090195	0.4698759037228883	0.43149989750358736	0.38729838104856856	0.15355116122096948	0.44208673739787807	0.43213987510437135	0.3031274218144546	0.29410117696469107	0.259612211633651	0.4302513949721006	0.4302513949721006	0.3572492825215244
C1d-C42.2-C1-C1k-C3cg	492209	1.0	1.0	1.0	1.0	1.0	1.0	0.9127213091803623	0.2382990425239369	0.09418264543386415	0.16451506454806356	0.3475695729128126	0	0.7682969510914672	0.4891902161956761	0.37754556136096595	0.3614227715445691	0.30949071527854166	0.17133900313489028	0.3672326553468931	0.246588835279118	0.19217615647687047	0.2547960821371252	0.13774155646108846	0.221803345899623	0.17066902658406954	0.666478338041549	0.7172398966036189	0.6929907453239137	0.6646483837904053	0.712907177320567	0.7866053348666283	0.09785255368615785	0.3067007989760307	0.7450176494705159	0.3386331478398256	0.3360799176024719	0.10141246468838279	0.8780418293725594	1.0	0.2845850395236167	0.4505492307769228	1.0	0.7225283241502755	0.4891876621850672	0.6779880502987425	0.6881377965550861	0.6646467070658587	0.31523369532609347	0.3732188034358969	0.16654083647908802	0.7235682929512115	0.7335279941601752	0.7085801996930108	0.3247002589922302	0.39874503137421563	0.35069947901562953	0.28080517181898634	0.16202094947626308	0.42716718498445044	0.5068147955561333	0.2757944841103178	0.2757944841103178	0.3583692489225323
C42a-C42ak-C42.2-C1	493239	1.0	1.0	1.0	1.0	1.0	1.0	1.0	0.7682957926051849	0.7682957926051849	0.7988760337189884	0.5276841694749157	0.7682969510914672	0	1.0	0.8238344041398965	0.621217575648487	0.7682969510914672	0.7847475338363157	0.9350312993740125	0.7682957926051849	0.7682946341073179	0.7682981095661652	0.7682957926051849	0.7682969510914672	0.7682981095661652	0.456473588160296	0.4952276670316539	0.4891978780742674	0.7682957926051849	0.23262918427039325	0.40249493762655936	0.7682957926051849	0.7872563823085308	0.257942261732148	0.7874674386396476	0.779296621101367	0.7682957926051849	0.935030974535382	1.0	0.7682981095661652	0.7736779212727555	1.0	0.3294601161965141	1.0	0.5396315092122697	0.47697307567310815	0.4657006859862803	0.9133217335653286	0.4963351099467016	0.8009049773755657	0.5533833984980451	0.23459296221113365	0.5583354582589609	0.775826725198244	0.4574535636609085	0.8036458906232813	0.801706940257091	0.7682957926051849	0.6546503604891853	0.5222443326700199	0.8332633347333054	0.8332633347333054	0.7682969510914672
C1d-C1mt-C1nq	493241	1.0	1.0	1.0	1.0	1.0	1.0	1.0	0.5736463953040705	0.4198987015194772	0.4199016019679606	0.6829163416731665	0.4891902161956761	1.0	0	0.2940505892411614	0.42014579854201456	0.6710265794684106	0.5101422464438389	0.4198958010419896	0.5819362709559357	0.4198958010419896	0.6400889977750556	0.49838752418713717	0.5880282394352113	0.5575610609734757	1.0	1.0	1.0	1.0	1.0	1.0	0.5849862252066219	0.4866202675946481	1.0	0.471003224919377	0.6803363932721346	0.5182372264416034	1.0	1.0	0.6640883977900552	0.8004249893752656	1.0	1.0	0.4198929005354973	1.0	1.0	1.0	0.4198958010419896	0.6957660846783065	0.4480382794258086	1.0	1.0	1.0	0.29561408771824566	0.630275545866812	0.41988160236795263	0.3638459038524037	0.4973675394869077	0.3888122237555249	0.622327553448931	0.44521554784452155	0.4218157818421816	0.7407351852962941
C1d-C1mt-C1nq-C42.2-C1-C42em	493242	1.0	1.0	1.0	1.0	1.0	1.0	1.0	0.377542449151017	0.377542449151017	0.37754556136096595	0.47530311742206444	0.37754556136096595	0.8238344041398965	0.2940505892411614	0	0.32459013114803276	0.46341341466463337	0.3775486735397938	0.48873766893496595	0.377542449151017	0.37753933690994634	0.4324770256892293	0.377542449151017	0.38041548961275967	0.3775486735397938	0.7923841523169537	0.7923862284131477	0.7923862284131477	0.7923841523169537	0.7923841523169537	0.8888022239555209	0.377542449151017	0.27900802479938003	0.7923851903702407	0.29814105576832695	0.472723181920452	0.377542449151017	0.903580964190358	1.0	0.4564763057108287	0.592812215633531	1.0	0.7923851903702407	0.5851541484585154	0.7923841523169537	0.7923841523169537	0.7923831142532862	0.49847752283715746	0.4881527961800955	0.377542449151017	0.7923851903702407	0.7923851903702407	0.7923862284131477	0.17130071748206294	0.42266154676906464	0.27668808279793006	0.12337629871103867	0.377542449151017	0.1812004699882503	0.4147146321341966	0.4739578906316405	0.4739578906316405	0.533121671958201
C1d/C42a/C42.2-C1mt	493243	1.0	1.0	1.0	1.0	1.0	1.0	1.0	0.3655495167572486	0.3614195787063194	0.43336133277334454	0.2627747445051099	0.3614227715445691	0.621217575648487	0.42014579854201456	0.32459013114803276	0	0.498010039799204	0.4192345191370216	0.5695143048569514	0.37383939240911385	0.3922560774392256	0.4433139171520712	0.39658905116423254	0.41032179356412873	0.3668958276043099	0.5798563021554677	0.6271493212669683	0.6028999275018124	0.7919031214531782	0.6228156577651335	0.5798563021554677	0.3768893466598001	0.3458530829383412	0.6549269014619707	0.37778555536111597	0.5245995080098398	0.3614195787063194	1.0	1.0	0.4731031724206895	0.6390690232744182	1.0	0.632437351252975	0.5695121524392378	0.5878961815572766	0.5980460293095604	0.5798542014579854	0.4828351716482835	0.2831243375132497	0.4353884691729624	0.6334773304533909	0.6434371312573749	0.620569485762856	0.25397492050159	0.21013184802227966	0.372512549749005	0.28682782930426737	0.3614195787063194	0.22223555528889422	0.27047459050818984	0.36141638583614166	0.36141638583614166	0.5468890622187557
C1d/C42.2/C1-C1b-C3cg-C45c-C115k-C1au	491719	1.0	0.9070418591628168	1.0	1.0	1.0	1.0	1.0	0.3326466838329042	0.39156521086972823	0.2769116926492205	0.3445396638100857	0.30949071527854166	0.7682969510914672	0.6710265794684106	0.46341341466463337	0.498010039799204	0	0.16087936922207724	0.5056598868022639	0.23968900777480562	0.37825243495130095	0.10893118740844071	0.23715907102322442	0.18063458096257112	0.20021799237026705	0.5668308292292693	0.5441059562915298	0.46955856545020924	0.6616184595385115	0.6133596660083498	0.7340266493337666	0.2248593785155371	0.2366229013129606	0.6701498955031349	0.21661741839035634	0.08244752657420278	0.31199720006999826	0.8346324805127923	1.0	0.09124180653677122	0.14106006289779857	0.9070413943790843	0.6259212223633291	0.6710249346259806	0.521591960200995	0.521591960200995	0.5686586268274635	0.5843483130337394	0.2995410137695869	0.22298942526436838	0.5484535463936082	0.6192614221573353	0.5251466198683046	0.4405767826965191	0.4391240218994525	0.36845894623161307	0.4202502912398066	0.35843603909902255	0.44620661380158594	0.41922742317730466	0.498010039799204	0.498010039799204	0.1746547603571893
C1d-C42.2-C1-C3cg-C1b-C45c-C115k	491720	1.0	0.936681582960426	1.0	1.0	1.0	1.0	1.0	0.28967130986070416	0.25341239762807116	0.11650092246771362	0.39894103706370276	0.17133900313489028	0.7847475338363157	0.5101422464438389	0.3775486735397938	0.4192345191370216	0.16087936922207724	0	0.3764455888602785	0.23464296071117866	0.24009899752506186	0.21848126074957003	0.10108696739097828	0.1664191753288635	0.11184552617895284	0.666270011899643	0.6527038918443262	0.608775648974041	0.7160185194444166	0.6578502644920652	0.7863964081077568	0.17151485455436338	0.2309969151079712	0.67337143199988	0.2558297668093276	0.1701890433834816	0.18237452876413707	0.866302673946521	1.0	0.15394384224631014	0.2902783888644454	0.9366812663746725	0.6527021554245601	0.5101397972040559	0.6527004189874304	0.6527004189874304	0.6526986825329367	0.4234644133896653	0.3484728034518792	0.06821795346139616	0.6527021554245601	0.6584719534816281	0.6527038918443262	0.387811426600069	0.4618561443156705	0.35070272540461084	0.280808767649294	0.2261632151035469	0.4271700490482833	0.4369097081602144	0.35985600359991	0.35985600359991	0.27451539196128133
C1d/C1	492241	1.0	1.0	1.0	1.0	1.0	1.0	1.0	0.2393814092788608	0.2966905496417554	0.27076458470830583	0.49327013459730806	0.3672326553468931	0.9350312993740125	0.4198958010419896	0.48873766893496595	0.5695143048569514	0.5056598868022639	0.3764455888602785	0	0.3663295050574241	0.2779772202277977	0.4670333241668958	0.3686994695079574	0.4289414211715766	0.42881427964300894	0.8798718019229712	0.8449338766530837	0.8064448388790281	0.624515632265516	0.8714519282210766	1.0	0.4520382194267086	0.5163996720065599	0.869712605747885	0.5376315592110197	0.5179596408071838	0.395969060464093	0.6022619886900565	1.0	0.5166120846978826	0.6219894502637434	1.0	0.8655826883462331	0.3977330113349433	0.8218626720599191	0.8236026459603106	0.7981620183798162	0.3977360226397736	0.5577888442231156	0.31428028579571304	0.8270934581308373	0.8550028999420012	0.8109247268818279	0.5380892382152357	0.6121358179627305	0.5438191236175276	0.4141246468838279	0.35778963315550266	0.5435491290174197	0.6400271994560108	0.44521554784452155	0.4218157818421816	0.5158396832063359
C1d/C1-C42.2-C1b	491737	1.0	0.8653820192697109	1.0	1.0	1.0	1.0	1.0	0.1346173076538469	0.253964920701586	0.2550186245343866	0.261558461038474	0.246588835279118	0.7682957926051849	0.5819362709559357	0.377542449151017	0.37383939240911385	0.23968900777480562	0.23464296071117866	0.3663295050574241	0	0.2849207261891072	0.1665150045498635	0.2138357232855343	0.1675608109797255	0.18489445316640502	0.5196196076078479	0.5875623731288061	0.4983650490485285	0.5526789464210716	0.6115177696446071	0.6336673266534669	0.1521469570608588	0.2906777330566736	0.6701482462938426	0.3003109906702799	0.2750681232969176	0.1642067158656827	0.7843921560784393	1.0	0.2442026739197824	0.36232913012609624	0.8653813461865382	0.6259193520161996	0.5819341806581935	0.4871902561948761	0.499080018399632	0.4318285225721614	0.49525757113643293	0.27195820104497387	0.25430491390172194	0.5879803004924877	0.6192595185120372	0.5068447946561603	0.30637734056648586	0.3941621167576648	0.4124346891327717	0.3311600651980441	0.21064578708425832	0.4271643208919777	0.4192245193870153	0.35021974670379946	0.35021974670379946	0.23452913677158072
C1d/C1bi-C42.2-C1	493292	1.0	1.0	1.0	1.0	1.0	1.0	1.0	0.27663085053724196	0.11943320850187247	0.1381972360552789	0.38590228195436094	0.19217615647687047	0.7682946341073179	0.4198958010419896	0.37753933690994634	0.3922560774392256	0.37825243495130095	0.24009899752506186	0.2779772202277977	0.2849207261891072	0	0.34307642308942277	0.20570191447128294	0.2910141797164057	0.26054848628784283	0.7029844552331715	0.7194370140746481	0.7029874253143671	0.7029844552331715	0.7151042734358984	0.8227426588601171	0.2879706804397934	0.375462490750185	0.747215055698886	0.4073948151296218	0.40484190316193674	0.22122168167477488	0.880240598797006	1.0	0.3670758231044224	0.51931201719957	1.0	0.7247255054898902	0.3916530417347913	0.7029844552331715	0.7029844552331715	0.7029829701702983	0.3049769502304977	0.3987520249595008	0.19415208771868422	0.7257654846903062	0.7357252854942901	0.7107772305692358	0.3608327833443331	0.43487847682284764	0.4124317513649727	0.2807979800504987	0.2003519947200792	0.4271614567708646	0.5090098198036039	0.2679573204267957	0.14991850081499186	0.44372112557748844
C1d/C1-C42.2-C1b-C3cg-C1au	491763	1.0	0.8962525936851579	1.0	1.0	1.0	1.0	1.0	0.2702618921432357	0.3368698939031829	0.24597639082632108	0.3130940417085402	0.2547960821371252	0.7682981095661652	0.6400889977750556	0.4324770256892293	0.4433139171520712	0.10893118740844071	0.21848126074957003	0.4670333241668958	0.1665150045498635	0.34307642308942277	0	0.20622381328560144	0.14500992465263715	0.18658253669853206	0.5315940521784347	0.5179992800287988	0.46162153513859444	0.630171094867154	0.6115216543503695	0.6994790156295311	0.1701648950531484	0.2085976990805322	0.6701515446959356	0.21032158713651453	0.1850785222517212	0.25730228093157204	0.8269434611307774	1.0	0.16219351225950962	0.22730090796368146	0.8962520749585008	0.6259230926917558	0.6400871982560349	0.44989650310490686	0.47276581702548925	0.5264218394540137	0.553411164720882	0.27578534751283706	0.24271271861844146	0.5215667451639192	0.6192633257835976	0.4825406983720651	0.38588149414770484	0.4153675389738308	0.35070272540461084	0.38931442742290306	0.3037408877733668	0.4271700490482833	0.41923032693855716	0.4433139171520712	0.4433139171520712	0.19922802701905434
C1d-C42.2-C1-C1b-C3cg-C3cw	491765	1.0	0.934510982335265	1.0	1.0	1.0	1.0	1.0	0.27103457930841385	0.21901561968760624	0.10570235744106397	0.38030549236269096	0.13774155646108846	0.7682957926051849	0.49838752418713717	0.377542449151017	0.39658905116423254	0.23715907102322442	0.10108696739097828	0.3686994695079574	0.2138357232855343	0.20570191447128294	0.20622381328560144	0	0.15416114597135072	0.07093787186384408	0.6414571708565828	0.6440206793796186	0.631901042968711	0.6973860522789544	0.6408271834563308	0.761584768304634	0.1511169776604468	0.18515037124071898	0.6717982050448739	0.2662120136395908	0.2636584085397865	0.15929681406371873	0.8703112968870311	1.0	0.16570502884913452	0.37812865614031577	0.9345106548934511	0.649308767280818	0.4983850161498385	0.6318973620527589	0.6318973620527589	0.6318955215671765	0.4117088243676345	0.3276668083297918	0.10905781884362313	0.6503487412814679	0.6603084922876928	0.6353609391718248	0.36516587085322866	0.4392112157756845	0.35069623259418514	0.2808015759527214	0.19577608447831044	0.4271643208919777	0.4347341316467088	0.3254601180982285	0.3254601180982285	0.3068673283167921
C1d/C1-C42.2-C3-C1b-C3cg	491768	0.9070518589628207	0.8233735325293494	0.9070518589628207	1.0	1.0	1.0	1.0	0.2512387190320242	0.3038774030649234	0.19391418257452275	0.34612961611151666	0.221803345899623	0.7682969510914672	0.5880282394352113	0.38041548961275967	0.41032179356412873	0.18063458096257112	0.1664191753288635	0.4289414211715766	0.1675608109797255	0.2910141797164057	0.14500992465263715	0.15416114597135072	0	0.1535896243631473	0.6184895377615559	0.5423360182393616	0.5120470783522577	0.570260743481413	0.6226394340141497	0.7386165345866353	0.13717157071073224	0.21606351809445717	0.6701498955031349	0.2317768878089267	0.2072237832865014	0.22430939226519336	0.8409123863142053	0.9070513942290865	0.18286859959901403	0.26799562015329464	0.9163212551811722	0.626391208263752	0.5880261796073059	0.4865828354291143	0.5213219669508262	0.5795284094318114	0.50134997300054	0.29641110766677	0.1906502337441564	0.6027619171424857	0.6268111956641301	0.5254566090186843	0.3603891883243503	0.43443413914652135	0.35069947901562953	0.33725319613813515	0.27074823129421766	0.42716718498445044	0.41922742317730466	0.41032179356412873	0.41032179356412873	0.16813495595132147
C1d-C42.2-C1-C1b-C3cg-C3cw-C45c	491769	1.0	0.9343216419589511	1.0	1.0	1.0	1.0	1.0	0.24228273151805446	0.24849254522364328	0.16832910848120317	0.35155269565565206	0.17066902658406954	0.7682981095661652	0.5575610609734757	0.3775486735397938	0.3668958276043099	0.20021799237026705	0.11184552617895284	0.42881427964300894	0.18489445316640502	0.26054848628784283	0.18658253669853206	0.07093787186384408	0.1535896243631473	0	0.6115716528504145	0.6447742090316387	0.6205251789928403	0.668629941101767	0.6406407807765767	0.7316980490585282	0.1256262312130636	0.18841840535581256	0.6725514606988755	0.27041918323267067	0.22680706175283866	0.16892493225203245	0.8712525749485011	1.0	0.11816527338906443	0.34127634894604214	0.9343213135737285	0.6500622478213263	0.5575588488230235	0.6055218343449696	0.6156715298541043	0.6029499262518437	0.47088322791930204	0.3007544735934242	0.13156605301840946	0.6511022114226002	0.6610618628348007	0.6361145554177833	0.33547325843595477	0.40951771446856594	0.35070272540461084	0.3067877284908604	0.22619321420357388	0.4271700490482833	0.4345497907573235	0.3549361265968351	0.3549361265968351	0.24909628163014294
C42a/C42.2-C1b-C1-C42b-C1au	491770	1.0	0.8065429018564721	1.0	1.0	1.0	1.0	1.0	0.6542369152616948	0.6720265594688106	0.679928001799955	0.4136246593835154	0.666478338041549	0.456473588160296	1.0	0.7923841523169537	0.5798563021554677	0.5668308292292693	0.666270011899643	0.8798718019229712	0.5196196076078479	0.7029844552331715	0.5315940521784347	0.6414571708565828	0.6184895377615559	0.6115716528504145	0	0.19454416367508975	0.24493265202043937	0.6542369152616948	0.3081138377232455	0.26908461830763386	0.5809583808323834	0.654148646283843	0.3684857878553036	0.6425507234782957	0.636979075523112	0.5904881902361953	0.8798712012879871	1.0	0.6074617761467156	0.5724528264152076	0.8065419345806542	0.22718932026699332	1.0	0.25607487850242994	0.21059578808423832	0.16072258916116258	0.9133213001804973	0.3220769480762981	0.6859962800743985	0.26462838429039276	0.33230669233269167	0.31604051878443645	0.7169270768230794	0.36972260554788905	0.7591660208494788	0.7492175234742958	0.6542369152616948	0.6111797205069873	0.38608534786630333	0.7743633845492318	0.7743633845492318	0.5892702682432939
C42a/C42.2/C1/C42b-C1b-C1az-C1au-C3	491771	0.9418814529636759	0.8453138671533211	0.9418814529636759	1.0	1.0	1.0	1.0	0.6841294761157165	0.7327480175594732	0.6730814421495248	0.4435194768183114	0.7172398966036189	0.4952276670316539	1.0	0.7923862284131477	0.6271493212669683	0.5441059562915298	0.6527038918443262	0.8449338766530837	0.5875623731288061	0.7194370140746481	0.5179992800287988	0.6440206793796186	0.5423360182393616	0.6447742090316387	0.19454416367508975	0	0.18088276468941242	0.6260112196634101	0.3368498945031649	0.4636260912172635	0.6329710108696739	0.6476823311184109	0.39115130970416034	0.625594976200952	0.6020439284625038	0.6531804045878624	0.8449331013379733	0.9418811623767525	0.6102955881764729	0.48345066197352105	0.9034319313613728	0.18392856250031248	1.0	0.23121306360809177	0.18991430257092287	0.3085572860678483	0.9133221669458264	0.3440229591964281	0.6723698289051329	0.13135040273590423	0.34026309079182226	0.249920003199872	0.7817576384826531	0.4587362379128626	0.7591684291049813	0.749220031198752	0.6996190114296571	0.6111836085736999	0.3776717814876479	0.8391940201494963	0.8391940201494963	0.5294464693735719
C42a/C1/C42.2-C1b-C1au-C3-C115k	492288	0.9325116872078199	0.809484762880928	0.9325116872078199	1.0	1.0	1.0	1.0	0.6213913582592522	0.7084987450376489	0.6730814421495248	0.38469153579624715	0.6929907453239137	0.4891978780742674	1.0	0.7923862284131477	0.6028999275018124	0.46955856545020924	0.608775648974041	0.8064448388790281	0.4983650490485285	0.7029874253143671	0.46162153513859444	0.631901042968711	0.5120470783522577	0.6205251789928403	0.24493265202043937	0.18088276468941242	0	0.553903382898513	0.33242002739917803	0.41281761547153584	0.6087217383478496	0.6476823311184109	0.39105131320403785	0.625594976200952	0.5345762898298559	0.628931132066038	0.8064438711225775	0.9325113497730045	0.5374785008599656	0.39759409623615055	0.876972460550789	0.346822861199858	1.0	0.13748587542373727	0.11768646940591783	0.2192595185120372	0.9133221669458264	0.31977380791672294	0.6723698289051329	0.2943946961856335	0.3401630942916998	0.17496300147994082	0.7575084872029479	0.43438696839094826	0.7591684291049813	0.749220031198752	0.6753697389078328	0.6111836085736999	0.3776717814876479	0.8149446263843404	0.8149446263843404	0.4571489997850075
C1/C3/C42.2	492292	0.6660250096248557	0.6660250096248557	0.6660250096248557	1.0	1.0	1.0	1.0	0.4263514729705406	0.6720265594688106	0.7368665783355416	0.5576910577235569	0.6646483837904053	0.7682957926051849	1.0	0.7923841523169537	0.7919031214531782	0.6616184595385115	0.7160185194444166	0.624515632265516	0.5526789464210716	0.7029844552331715	0.630171094867154	0.6973860522789544	0.570260743481413	0.668629941101767	0.6542369152616948	0.6260112196634101	0.553903382898513	0	0.7063158736825264	0.7094558108837823	0.6404371912561749	0.7256268593285168	0.7366865828354291	0.7153485395438137	0.68188795280118	0.626987460250795	0.6245137548624514	0.6660233397666023	0.6615401537953861	0.6065118046458606	1.0	0.710067248318792	1.0	0.4627207455850883	0.5754884902301954	0.5076173857392139	0.9133213001804973	0.6614284642883927	0.7321153576928462	0.6726181845453864	0.7104872378190545	0.5791426257212283	0.7043773905652359	0.6805663886722265	0.7591660208494788	0.7492175234742958	0.620207595848083	0.7751756206094848	0.7316467088322792	0.7094543581846272	0.7094543581846272	0.503742406439839
C42a/C42.2-C42ak-C1-C1b-C42al	491781	1.0	0.9052014219786704	1.0	1.0	1.0	1.0	1.0	0.7063158736825264	0.7284154316913661	0.6730781730456739	0.4657033574160646	0.712907177320567	0.23262918427039325	1.0	0.7923841523169537	0.6228156577651335	0.6133596660083498	0.6578502644920652	0.8714519282210766	0.6115177696446071	0.7151042734358984	0.6115216543503695	0.6408271834563308	0.6226394340141497	0.6406407807765767	0.3081138377232455	0.3368498945031649	0.33242002739917803	0.7063158736825264	0	0.3869722605547889	0.6330373392532149	0.6476788080297993	0.22478938026549336	0.6341309760707179	0.6285592860178496	0.6488470230595388	0.8714512854871451	1.0	0.6248912532624021	0.6153015409537714	0.9052009479905201	0.2786980325491863	1.0	0.3828523429531409	0.32019359612807746	0.3089203661945071	0.9133213001804973	0.3491162720931977	0.6775764484710306	0.40516487087822806	0.17664058398540036	0.40155795326140215	0.7774255643608909	0.42256154876902463	0.7591660208494788	0.7492175234742958	0.7063158736825264	0.6111797205069873	0.377665558361041	0.8348624770628441	0.8348624770628441	0.6115197120071998
C42a/C42.2/C1b	493329	1.0	0.7357839632405514	1.0	1.0	1.0	1.0	1.0	0.760614787704246	0.7784744305113898	0.8000549986250344	0.5067223319417015	0.7866053348666283	0.40249493762655936	1.0	0.8888022239555209	0.5798563021554677	0.7340266493337666	0.7863964081077568	1.0	0.6336673266534669	0.8227426588601171	0.6994790156295311	0.761584768304634	0.7386165345866353	0.7316980490585282	0.26908461830763386	0.4636260912172635	0.41281761547153584	0.7094558108837823	0.3869722605547889	0	0.7001059978800424	0.7742756431089223	0.3696657583560411	0.7626771196864094	0.7571060723481913	0.6855062898742025	1.0	1.0	0.7275881723548293	0.740337789866304	0.7357826421735782	0.32956676083097924	1.0	0.4239615207695846	0.37848243035139295	0.20184197237041446	0.9133213001804973	0.4422039449013775	0.8061238775224495	0.5337116572085698	0.33348666283342915	0.48392548223553294	0.7618159546011349	0.4711805763884722	0.8686132846678833	0.8666739997800066	0.7597848043039139	0.7196170095747606	0.5062123446913828	0.6949845752313716	0.7059144112838307	0.7093972650683733
C1d-C42.2-C1-C1k-C1b-C3cg	491811	1.0	0.9267210991835122	1.0	1.0	1.0	1.0	0.9147808521914781	0.2254254914901702	0.18184636307273855	0.19114022149446264	0.3233569160770981	0.09785255368615785	0.7682957926051849	0.5849862252066219	0.377542449151017	0.3768893466598001	0.2248593785155371	0.17151485455436338	0.4520382194267086	0.1521469570608588	0.2879706804397934	0.1701648950531484	0.1511169776604468	0.13717157071073224	0.1256262312130636	0.5809583808323834	0.6329710108696739	0.6087217383478496	0.6404371912561749	0.6330373392532149	0.7001059978800424	0	0.22841928951776205	0.6701482462938426	0.25400237992860214	0.25144871378215544	0.09087818243635128	0.8670513294867052	1.0	0.1999540013799586	0.3659190224293271	0.9267207327926721	0.6382590435239119	0.5849841501584984	0.5937181256374873	0.6038679226415472	0.5671564926526103	0.413088803667945	0.2889477763055924	0.19123617527649447	0.6392990175245619	0.6492587685307867	0.6243112706618802	0.31147721306967324	0.3941621167576648	0.35069623259418514	0.334209973700789	0.2254254914901702	0.4271643208919777	0.4269443263918402	0.35836962445563314	0.35836962445563314	0.27373815654608635
C1d/C1-C1mt-C42.2-C3cg-C1b-C3cw	492846	1.0	0.9220515589688206	1.0	1.0	1.0	1.0	1.0	0.3686257843553911	0.38877528061798455	0.24926252212433628	0.40854774356769297	0.3067007989760307	0.7872563823085308	0.4866202675946481	0.27900802479938003	0.3458530829383412	0.2366229013129606	0.2309969151079712	0.5163996720065599	0.2906777330566736	0.375462490750185	0.2085976990805322	0.18515037124071898	0.21606351809445717	0.18841840535581256	0.654148646283843	0.6476823311184109	0.6476823311184109	0.7256268593285168	0.6476788080297993	0.7742756431089223	0.22841928951776205	0	0.6738397848064558	0.08415205467808627	0.24593262202133936	0.3092072698182545	0.8734018989715154	1.0	0.177538786142485	0.3660221892233772	0.9220511692324616	0.6476805695829125	0.642995355069674	0.6476788080297993	0.6476788080297993	0.6476770464590709	0.5563188736225275	0.34344969650910473	0.2527786805329867	0.6476805695829125	0.6509404717858465	0.6476823311184109	0.3043308700738978	0.3810454738631534	0.19432417027489177	0.23584674536391226	0.3686257843553911	0.2717118486445407	0.2779816605501835	0.49522009559808805	0.49522009559808805	0.31056068317950464
C42a-C42.2-C1-C42ak-C1b	492847	1.0	0.9334613307733846	1.0	1.0	1.0	1.0	1.0	0.7366865828354291	0.7605259868503288	0.6762097137085887	0.4960751177464676	0.7450176494705159	0.257942261732148	1.0	0.7923851903702407	0.6549269014619707	0.6701498955031349	0.67337143199988	0.869712605747885	0.6701482462938426	0.747215055698886	0.6701515446959356	0.6717982050448739	0.6701498955031349	0.6725514606988755	0.3684857878553036	0.39115130970416034	0.39105131320403785	0.7366865828354291	0.22478938026549336	0.3696657583560411	0.6701482462938426	0.6738397848064558	0	0.6701515446959356	0.6701498955031349	0.6809579760505987	0.8697119543206852	1.0	0.6701515446959356	0.6701515446959356	0.9334609980850287	0.2072237832865014	1.0	0.44148396290092745	0.37882552936176594	0.36755264894702105	0.9133217335653286	0.39818805435836924	0.6769380765480862	0.44297671069867905	0.1261962141135766	0.46018889338873137	0.8095357139285821	0.45467363315917103	0.7591672249832505	0.7495187668431605	0.7366865828354291	0.6111816645500635	0.3989080327590172	0.866972660546789	0.866972660546789	0.6701498955031349
C1d-C1mt-C42.2-C1-C3cg-C1b	492848	1.0	0.9102422439439014	1.0	1.0	1.0	1.0	1.0	0.39006829795106146	0.4207073787786366	0.28060517881874136	0.398271060512882	0.3386331478398256	0.7874674386396476	0.471003224919377	0.29814105576832695	0.37778555536111597	0.21661741839035634	0.2558297668093276	0.5376315592110197	0.3003109906702799	0.4073948151296218	0.21032158713651453	0.2662120136395908	0.2317768878089267	0.27041918323267067	0.6425507234782957	0.625594976200952	0.625594976200952	0.7153485395438137	0.6341309760707179	0.7626771196864094	0.25400237992860214	0.08415205467808627	0.6701515446959356	0	0.21192758253461128	0.34113976580702576	0.8629127417451651	1.0	0.2266309347626095	0.3348266069357226	0.9102417951640968	0.6338728144514942	0.6747165056698866	0.6255912322630321	0.6255912322630321	0.6255893602659933	0.5880402989925252	0.3258835940742074	0.2773416797496075	0.6307129250476233	0.6286429974950877	0.625594976200952	0.33626323078692244	0.3812585622431327	0.1684391046313379	0.2562097516099356	0.39006829795106146	0.29444469443569476	0.2729854455094072	0.5271518212044699	0.5271518212044699	0.2884749033783818
C1d/C1/C42.2-C3cg-C1b-C115k-C45c-C42ap	492851	1.0	0.9128417431651367	1.0	1.0	1.0	1.0	1.0	0.3622259443513912	0.4181545461363466	0.28622141335759926	0.36480905572832817	0.3360799176024719	0.779296621101367	0.6803363932721346	0.472723181920452	0.5245995080098398	0.08244752657420278	0.1701890433834816	0.5179596408071838	0.2750681232969176	0.40484190316193674	0.1850785222517212	0.2636584085397865	0.2072237832865014	0.22680706175283866	0.636979075523112	0.6020439284625038	0.5345762898298559	0.68188795280118	0.6285592860178496	0.7571060723481913	0.25144871378215544	0.24593262202133936	0.6701498955031349	0.21192758253461128	0	0.3385865353366166	0.8376224356634651	1.0	0.11783087591934283	0.18678846240381586	0.9128413073803893	0.6259212223633291	0.6803347949780754	0.5947301317467063	0.5947301317467063	0.5947281054378912	0.5936581268374632	0.31682049538513846	0.232299192520187	0.5985120446386608	0.6233313000609981	0.5947341843035494	0.46716598502044937	0.45640358991025226	0.3777686669399918	0.42955996540121094	0.3850253743656409	0.4555163345099647	0.41922742317730466	0.5245995080098398	0.5245995080098398	0.2005939821805346
C1d-C42.2-C1-C1k-C1b	492863	1.0	0.9362509562356565	1.0	1.0	1.0	1.0	0.9185208147918521	0.2119957600847983	0.11509769804603907	0.19607009824754382	0.30990725231869204	0.10141246468838279	0.7682957926051849	0.5182372264416034	0.377542449151017	0.3614195787063194	0.31199720006999826	0.18237452876413707	0.395969060464093	0.1642067158656827	0.22122168167477488	0.25730228093157204	0.15929681406371873	0.22430939226519336	0.16892493225203245	0.5904881902361953	0.6531804045878624	0.628931132066038	0.626987460250795	0.6488470230595388	0.6855062898742025	0.09087818243635128	0.3092072698182545	0.6809579760505987	0.34113976580702576	0.3385865353366166	0	0.8777312226877731	1.0	0.28709138725838224	0.4530564083077508	0.936250637493625	0.6584685382865428	0.5182348176518234	0.6139277214455711	0.624077518449631	0.5632365514517282	0.35007974880376797	0.30915727106822327	0.20209595808083838	0.6595085122871929	0.6694682632934177	0.6445206643800686	0.2999075023124422	0.3941621167576648	0.4124346891327717	0.2808015759527214	0.15575688486230274	0.4271643208919777	0.4427539311517212	0.2674909876351855	0.2674909876351855	0.3608759781005475
C1	493379	1.0	1.0	1.0	1.0	1.0	1.0	1.0	0.6657333426665734	0.8935510644893551	0.8730219046714299	0.8103528447073294	0.8780418293725594	0.935030974535382	1.0	0.903580964190358	1.0	0.8346324805127923	0.866302673946521	0.6022619886900565	0.7843921560784393	0.880240598797006	0.8269434611307774	0.8703112968870311	0.8409123863142053	0.8712525749485011	0.8798712012879871	0.8449331013379733	0.8064438711225775	0.6245137548624514	0.8714512854871451	1.0	0.8670513294867052	0.8734018989715154	0.8697119543206852	0.8629127417451651	0.8376224356634651	0.8777312226877731	0	1.0	0.8525229495410092	0.8215635687286255	1.0	0.865582016269756	1.0	0.8218617813821861	0.8236017639823602	0.798161009194954	1.0	0.862022069668955	0.8662413375866241	0.8270925936110959	0.8550021749673755	0.8109237815243695	0.9425608615870762	0.8985410145898541	0.8905516417253742	0.882542349153017	0.8604213957860422	0.8915616265756013	0.8714519282210766	1.0	1.0	0.7751033734493983
C3	493380	0.3077434612826936	0.5355023224883876	0.42481287593562034	1.0	1.0	1.0	1.0	1.0	1.0	1.0	1.0	1.0	1.0	1.0	1.0	1.0	1.0	1.0	1.0	1.0	1.0	1.0	1.0	0.9070513942290865	1.0	1.0	0.9418811623767525	0.9325113497730045	0.6660233397666023	1.0	1.0	1.0	1.0	1.0	1.0	1.0	1.0	1.0	0	1.0	0.9463010739785205	1.0	1.0	1.0	0.8409115908840912	0.9417905820941791	1.0	1.0	1.0	1.0	1.0	1.0	0.9376812463750726	1.0	1.0	1.0	1.0	1.0	1.0	1.0	1.0	1.0	0.9224811627825583
C1d/C42.2/C1/C3cg-C1b-C3cw-C115k-C45c	491845	1.0	0.9185720356991075	1.0	1.0	1.0	1.0	1.0	0.3256302310930672	0.3666590002299931	0.26997555085572006	0.3444629437969671	0.2845850395236167	0.7682981095661652	0.6640883977900552	0.4564763057108287	0.4731031724206895	0.09124180653677122	0.15394384224631014	0.5166120846978826	0.2442026739197824	0.3670758231044224	0.16219351225950962	0.16570502884913452	0.18286859959901403	0.11816527338906443	0.6074617761467156	0.6102955881764729	0.5374785008599656	0.6615401537953861	0.6248912532624021	0.7275881723548293	0.1999540013799586	0.177538786142485	0.6701515446959356	0.2266309347626095	0.11783087591934283	0.28709138725838224	0.8525229495410092	1.0	0	0.23230070797168112	0.9185716285674287	0.6286429974950877	0.6640867182656347	0.5801125966221014	0.5811925642230733	0.580110497237569	0.5774105647358816	0.28538501152459667	0.21942341729748108	0.6166234181803637	0.6290629827956021	0.6016359345626175	0.4156704515341963	0.42115736527904163	0.3615223467178649	0.41331346746130154	0.333529994100177	0.4392696255631053	0.41923032693855716	0.4731031724206895	0.4731031724206895	0.19570815021474247
C1d/C1/C42.2/C3-C1b-C3cg-C45c-C115k-C1au-C41p	491849	0.9463013424664384	0.8479938001549961	0.9463013424664384	1.0	1.0	1.0	1.0	0.4606361809145726	0.5326240212793616	0.4063107791227307	0.46063887763928263	0.4505492307769228	0.7736779212727555	0.8004249893752656	0.592812215633531	0.6390690232744182	0.14106006289779857	0.2902783888644454	0.6219894502637434	0.36232913012609624	0.51931201719957	0.22730090796368146	0.37812865614031577	0.26799562015329464	0.34127634894604214	0.5724528264152076	0.48345066197352105	0.39759409623615055	0.6065118046458606	0.6153015409537714	0.740337789866304	0.3659190224293271	0.3660221892233772	0.6701515446959356	0.3348266069357226	0.18678846240381586	0.4530564083077508	0.8215635687286255	0.9463010739785205	0.23230070797168112	0	0.9016919661606768	0.6259230926917558	0.8004239915201696	0.45808625741227765	0.4598262052138436	0.5619009524761881	0.713747156321092	0.415860444884429	0.3523894283171505	0.5375661851835186	0.6192633257835976	0.4577916883324667	0.5816346427875024	0.5376138715838524	0.49785757498487554	0.5496480140794369	0.49949501514954553	0.575604853830116	0.451079212227572	0.6390690232744182	0.6390690232744182	0.17214897478588248
