30
1          0.0000000 0.0038118 0.0038268 0.0115013 0.0076474 0.0115013 0.0076478 0.0076400 0.0076478 0.0038136 0.0076438 0.0076404 0.0076361 0.0038118 0.0076404 0.0153698 0.0038136 0.0076509 0.0114842 0.0114966 0.0076435 0.0038099 0.0076700 0.0038099 0.0153722 0.0038099 0.0076404 0.0114901 0.0114972 0.0038099 
2          0.0038118 0.0000000 0.0000010 0.0076512 0.0038155 0.0076512 0.0115019 0.0038118 0.0115019 0.0076474 0.0038137 0.0114907 0.0114842 0.0076438 0.0114907 0.0115013 0.0076474 0.0115066 0.0076400 0.0076481 0.0114954 0.0076400 0.0038268 0.0076400 0.0115031 0.0076400 0.0114907 0.0076438 0.0076485 0.0076400 
4          0.0038268 0.0000010 0.0000000 0.0076813 0.0038304 0.0076813 0.0115473 0.0038268 0.0115473 0.0076774 0.0038287 0.0115360 0.0115295 0.0076739 0.0115360 0.0115467 0.0076774 0.0115521 0.0076700 0.0076782 0.0115408 0.0076700 0.0038418 0.0076700 0.0115485 0.0076700 0.0115360 0.0076739 0.0076786 0.0076700 
5          0.0115013 0.0076512 0.0076813 0.0000000 0.0115125 0.0153928 0.0192843 0.0115013 0.0192843 0.0153849 0.0115072 0.0192653 0.0192543 0.0153777 0.0192653 0.0038155 0.0153849 0.0192923 0.0153698 0.0153865 0.0192733 0.0153698 0.0115467 0.0153698 0.0192863 0.0153698 0.0192653 0.0153777 0.0153873 0.0153698 
15         0.0076474 0.0038155 0.0038304 0.0115125 0.0000000 0.0115125 0.0153857 0.0076474 0.0153857 0.0115066 0.0076512 0.0153706 0.0153619 0.0115013 0.0153706 0.0153849 0.0115066 0.0153920 0.0114954 0.0115078 0.0153770 0.0114954 0.0076774 0.0114954 0.0153873 0.0114954 0.0153706 0.0115013 0.0115084 0.0114954 
272        0.0115013 0.0076512 0.0076813 0.0153928 0.0115125 0.0000000 0.0192843 0.0115013 0.0192843 0.0153849 0.0038137 0.0192653 0.0192543 0.0153777 0.0192653 0.0192833 0.0153849 0.0192923 0.0153698 0.0076481 0.0192733 0.0153698 0.0038268 0.0153698 0.0115031 0.0153698 0.0192653 0.0153777 0.0153873 0.0153698 
22163      0.0076478 0.0115019 0.0115473 0.0192843 0.0153857 0.0192843 0.0000000 0.0153706 0.0076478 0.0115072 0.0153785 0.0153715 0.0153627 0.0115019 0.0153715 0.0231922 0.0038136 0.0076509 0.0192554 0.0192763 0.0153778 0.0114960 0.0154313 0.0114960 0.0231959 0.0114960 0.0153715 0.0192653 0.0192774 0.0114960 
20         0.0076400 0.0038118 0.0038268 0.0115013 0.0076474 0.0115013 0.0153706 0.0000000 0.0153706 0.0114954 0.0076438 0.0153556 0.0153469 0.0114901 0.0153556 0.0153698 0.0114954 0.0153770 0.0038097 0.0114966 0.0153619 0.0114842 0.0076700 0.0114842 0.0153722 0.0114842 0.0153556 0.0114901 0.0114972 0.0114842 
92051      0.0076478 0.0115019 0.0115473 0.0192843 0.0153857 0.0192843 0.0076478 0.0153706 0.0000000 0.0115072 0.0153785 0.0153715 0.0153627 0.0115019 0.0153715 0.0231922 0.0038136 0.0076509 0.0192554 0.0192763 0.0153778 0.0114960 0.0154313 0.0114960 0.0231959 0.0114960 0.0153715 0.0192653 0.0192774 0.0114960 
33434      0.0038136 0.0076474 0.0076774 0.0153849 0.0115066 0.0153849 0.0115072 0.0114954 0.0115072 0.0000000 0.0115013 0.0114960 0.0114895 0.0076474 0.0114960 0.0192733 0.0076509 0.0115119 0.0153619 0.0153785 0.0115007 0.0076435 0.0115408 0.0076435 0.0192763 0.0076435 0.0114960 0.0153698 0.0153794 0.0076435 
32         0.0076438 0.0038137 0.0038287 0.0115072 0.0076512 0.0038137 0.0153785 0.0076438 0.0153785 0.0115013 0.0000000 0.0153635 0.0153548 0.0114960 0.0153635 0.0153777 0.0115013 0.0153849 0.0114901 0.0038122 0.0153698 0.0114901 0.0000010 0.0114901 0.0076450 0.0114901 0.0153635 0.0114960 0.0115031 0.0114901 
92077      0.0076404 0.0114907 0.0115360 0.0192653 0.0153706 0.0192653 0.0153715 0.0153556 0.0153715 0.0114960 0.0153635 0.0000000 0.0076365 0.0114907 0.0076408 0.0231692 0.0114960 0.0153778 0.0192365 0.0192574 0.0076439 0.0038101 0.0154162 0.0038101 0.0231729 0.0038101 0.0076408 0.0192464 0.0192584 0.0076404 
270782     0.0076361 0.0114842 0.0115295 0.0192543 0.0153619 0.0192543 0.0153627 0.0153469 0.0153627 0.0114895 0.0153548 0.0076365 0.0000000 0.0114842 0.0076365 0.0231559 0.0114895 0.0153690 0.0192255 0.0192464 0.0076396 0.0038080 0.0154074 0.0038080 0.0231596 0.0038080 0.0076365 0.0192354 0.0192474 0.0076361 
322        0.0038118 0.0076438 0.0076739 0.0153777 0.0115013 0.0153777 0.0115019 0.0114901 0.0115019 0.0076474 0.0114960 0.0114907 0.0114842 0.0000000 0.0114907 0.0192643 0.0076474 0.0115066 0.0153548 0.0153714 0.0114954 0.0076400 0.0115354 0.0076400 0.0192673 0.0076400 0.0114907 0.0153627 0.0153722 0.0076400 
92099      0.0076404 0.0114907 0.0115360 0.0192653 0.0153706 0.0192653 0.0153715 0.0153556 0.0153715 0.0114960 0.0153635 0.0076408 0.0076365 0.0114907 0.0000000 0.0231692 0.0114960 0.0153778 0.0192365 0.0192574 0.0076439 0.0038101 0.0154162 0.0038101 0.0231729 0.0038101 0.0076408 0.0192464 0.0192584 0.0076404 
326        0.0153698 0.0115013 0.0115467 0.0038155 0.0153849 0.0192833 0.0231922 0.0153698 0.0231922 0.0192733 0.0153777 0.0231692 0.0231559 0.0192643 0.0231692 0.0000000 0.0192733 0.0232019 0.0192543 0.0192753 0.0231789 0.0192543 0.0154305 0.0192543 0.0231946 0.0192543 0.0231692 0.0115007 0.0192763 0.0192543 
82         0.0038136 0.0076474 0.0076774 0.0153849 0.0115066 0.0153849 0.0038136 0.0114954 0.0038136 0.0076509 0.0115013 0.0114960 0.0114895 0.0076474 0.0114960 0.0192733 0.0000000 0.0038151 0.0153619 0.0153785 0.0115007 0.0076435 0.0115408 0.0076435 0.0192763 0.0076435 0.0114960 0.0153698 0.0153794 0.0076435 
83         0.0076509 0.0115066 0.0115521 0.0192923 0.0153920 0.0192923 0.0076509 0.0153770 0.0076509 0.0115119 0.0153849 0.0153778 0.0153690 0.0115066 0.0153778 0.0232019 0.0038151 0.0000000 0.0192633 0.0192843 0.0153841 0.0115007 0.0154377 0.0115007 0.0232056 0.0115007 0.0153778 0.0192733 0.0192854 0.0115007 
214        0.0114842 0.0076400 0.0076700 0.0153698 0.0114954 0.0153698 0.0192554 0.0038097 0.0192554 0.0153619 0.0114901 0.0192365 0.0192255 0.0153548 0.0192365 0.0192543 0.0153619 0.0192633 0.0000000 0.0153635 0.0192444 0.0153469 0.0115295 0.0153469 0.0192574 0.0153469 0.0192365 0.0153548 0.0153643 0.0153469 
358        0.0114966 0.0076481 0.0076782 0.0153865 0.0115078 0.0076481 0.0192763 0.0114966 0.0192763 0.0153785 0.0038122 0.0192574 0.0192464 0.0153714 0.0192574 0.0192753 0.0153785 0.0192843 0.0153635 0.0000000 0.0192653 0.0153635 0.0038252 0.0153635 0.0114984 0.0153635 0.0192574 0.0153714 0.0153810 0.0153635 
486        0.0076435 0.0114954 0.0115408 0.0192733 0.0153770 0.0192733 0.0153778 0.0153619 0.0153778 0.0115007 0.0153698 0.0076439 0.0076396 0.0114954 0.0076439 0.0231789 0.0115007 0.0153841 0.0192444 0.0192653 0.0000000 0.0038116 0.0154225 0.0038116 0.0231826 0.0038116 0.0076439 0.0192543 0.0192664 0.0076435 
106        0.0038099 0.0076400 0.0076700 0.0153698 0.0114954 0.0153698 0.0114960 0.0114842 0.0114960 0.0076435 0.0114901 0.0038101 0.0038080 0.0076400 0.0038101 0.0192543 0.0076435 0.0115007 0.0153469 0.0153635 0.0038116 0.0000000 0.0115295 0.0000010 0.0192574 0.0000010 0.0038101 0.0153548 0.0153643 0.0038099 
108        0.0076700 0.0038268 0.0038418 0.0115467 0.0076774 0.0038268 0.0154313 0.0076700 0.0154313 0.0115408 0.0000010 0.0154162 0.0154074 0.0115354 0.0154162 0.0154305 0.0115408 0.0154377 0.0115295 0.0038252 0.0154225 0.0115295 0.0000000 0.0115295 0.0076712 0.0115295 0.0154162 0.0115354 0.0115426 0.0115295 
109        0.0038099 0.0076400 0.0076700 0.0153698 0.0114954 0.0153698 0.0114960 0.0114842 0.0114960 0.0076435 0.0114901 0.0038101 0.0038080 0.0076400 0.0038101 0.0192543 0.0076435 0.0115007 0.0153469 0.0153635 0.0038116 0.0000010 0.0115295 0.0000000 0.0192574 0.0000010 0.0038101 0.0153548 0.0153643 0.0038099 
112        0.0153722 0.0115031 0.0115485 0.0192863 0.0153873 0.0115031 0.0231959 0.0153722 0.0231959 0.0192763 0.0076450 0.0231729 0.0231596 0.0192673 0.0231729 0.0231946 0.0192763 0.0232056 0.0192574 0.0114984 0.0231826 0.0192574 0.0076712 0.0192574 0.0000000 0.0192574 0.0231729 0.0192673 0.0192794 0.0192574 
113        0.0038099 0.0076400 0.0076700 0.0153698 0.0114954 0.0153698 0.0114960 0.0114842 0.0114960 0.0076435 0.0114901 0.0038101 0.0038080 0.0076400 0.0038101 0.0192543 0.0076435 0.0115007 0.0153469 0.0153635 0.0038116 0.0000010 0.0115295 0.0000010 0.0192574 0.0000000 0.0038101 0.0153548 0.0153643 0.0038099 
93426      0.0076404 0.0114907 0.0115360 0.0192653 0.0153706 0.0192653 0.0153715 0.0153556 0.0153715 0.0114960 0.0153635 0.0076408 0.0076365 0.0114907 0.0076408 0.0231692 0.0114960 0.0153778 0.0192365 0.0192574 0.0076439 0.0038101 0.0154162 0.0038101 0.0231729 0.0038101 0.0000000 0.0192464 0.0192584 0.0076404 
117        0.0114901 0.0076438 0.0076739 0.0153777 0.0115013 0.0153777 0.0192653 0.0114901 0.0192653 0.0153698 0.0114960 0.0192464 0.0192354 0.0153627 0.0192464 0.0115007 0.0153698 0.0192733 0.0153548 0.0153714 0.0192543 0.0153548 0.0115354 0.0153548 0.0192673 0.0153548 0.0192464 0.0000000 0.0153722 0.0153548 
118        0.0114972 0.0076485 0.0076786 0.0153873 0.0115084 0.0153873 0.0192774 0.0114972 0.0192774 0.0153794 0.0115031 0.0192584 0.0192474 0.0153722 0.0192584 0.0192763 0.0153794 0.0192854 0.0153643 0.0153810 0.0192664 0.0153643 0.0115426 0.0153643 0.0192794 0.0153643 0.0192584 0.0153722 0.0000000 0.0153643 
32895      0.0038099 0.0076400 0.0076700 0.0153698 0.0114954 0.0153698 0.0114960 0.0114842 0.0114960 0.0076435 0.0114901 0.0076404 0.0076361 0.0076400 0.0076404 0.0192543 0.0076435 0.0115007 0.0153469 0.0153635 0.0076435 0.0038099 0.0115295 0.0038099 0.0192574 0.0038099 0.0076404 0.0153548 0.0153643 0.0000000 
