D1-D1as-D1ba-D1bb-D1ax-D4	494094	0	0.24803383847726854	0.2526336314865831	0.4011879643610692	0.6986390408287751	0.469763255918602	0.43151136977260457	0.6986345204821928	0.9452008219876702	0.6438406847794567	1.0	1.0	1.0	1.0	1.0	1.0	1.0	0.41846035388761393	0.3124871878203045	0.4178903738369157	0.643842465513707	1.0	0.38261852144435665	0.19326226950921963	0.23003464844082017	0.21964731234406795	0.2520036598353074
D1-D1as-D1ba-D1dy-D4-D1at-D1bd-D1ea-D1bb	494096	0.24803383847726854	0	0.3733276003439794	0.38221780019899104	0.6024178911948962	0.37532498700051997	0.37130200442984496	0.6024119276421708	0.9469815905522835	0.5494002769875356	1.0	1.0	1.0	0.9469815905522835	1.0	1.0	1.0	0.31904404779761014	0.2484400623975041	0.3345132743362832	0.5494025298735064	0.9686709398718039	0.2884520196591153	0.2058336791476469	0.14563126212427255	0.07381630918454077	0.2075075495470272
D1-D1as-D1bb-D4-D1bd-D1ba-D1mw-D6-D1ax	494098	0.2526336314865831	0.3733276003439794	0	0.3046112924918379	0.7036333364998575	0.41763329466821325	0.5536156234531792	0.703628891133266	0.8640140795776127	0.5214715337809799	1.0	1.0	1.0	1.0	1.0	0.9432417027489175	1.0	0.3459127043647818	0.3405763769449222	0.3408029598520074	0.6063896805159742	0.9314720558383248	0.2788724507397167	0.25587092709900955	0.24872507649541029	0.32282385880705966	0.226876387416755
D1-D4-D1as-D1bb-D1mx-D6-D1at-D1ax	494099	0.4011879643610692	0.38221780019899104	0.3046112924918379	0	0.593132206033819	0.3690257743556411	0.505169896602068	0.5931261031084534	0.8780118298225527	0.3882883513494595	1.0	1.0	1.0	1.0	1.0	1.0	1.0	0.22797702080427185	0.34713632159196023	0.24150654727084553	0.4958876439324624	1.0	0.18580442586722398	0.29333826646934125	0.2857421416036278	0.33838315658951934	0.27274272657730403
D1-D17d-D1r-D17e-D17c	494110	0.6986390408287751	0.6024178911948962	0.7036333364998575	0.593132206033819	0	0.3380665483362916	0.6652766944661107	0.33257001144982823	1.0	0.37302880913572595	1.0	1.0	1.0	1.0	1.0	1.0	1.0	0.4842780502682406	0.6596585085372866	0.440339588114416	0.16306929257475988	1.0	0.5325040248792536	0.7044618215271389	0.646845891934863	0.5977040803571875	0.6440860161292742
D1/D1as-D4	494126	0.469763255918602	0.37532498700051997	0.41763329466821325	0.3690257743556411	0.3380665483362916	0	0.49119763203551947	0.33805661943380566	0.8360116398836012	0.3620259493512662	1.0	1.0	1.0	1.0	1.0	1.0	1.0	0.2740517784466466	0.38294234115317694	0.1933441996740098	0.37568872933811986	1.0	0.33103672408189794	0.4590489332873349	0.42288308467661295	0.3874183774486765	0.4261829526818927
D1at-D1-D1as	494127	0.43151136977260457	0.37130200442984496	0.5536156234531792	0.505169896602068	0.6652766944661107	0.49119763203551947	0	0.6652716736416318	1.0	0.6652766944661107	1.0	1.0	1.0	1.0	1.0	1.0	1.0	0.4367940801479963	0.27219091713624294	0.44525386865328365	0.665278368040799	1.0	0.4604507909841803	0.4411967640970771	0.4164104256351028	0.3946851328716782	0.4031908883189088
D1	494142	0.6986345204821928	0.6024119276421708	0.703628891133266	0.5931261031084534	0.33257001144982823	0.33805661943380566	0.6652716736416318	0	1.0	0.5260071098933516	1.0	1.0	1.0	1.0	1.0	1.0	1.0	0.4842703145937081	0.6596534034659653	0.44033119337613247	0.47293054138917223	1.0	0.5324970125448119	0.7044573885652858	0.6468405947821565	0.5976980460390792	0.6440806775796726
D4	494143	0.9452008219876702	0.9469815905522835	0.8640140795776127	0.8780118298225527	1.0	0.8360116398836012	1.0	1.0	0	0.7624235636465453	1.0	1.0	1.0	1.0	1.0	1.0	1.0	0.9138317233655326	0.8973610263897361	0.9029519409611808	0.9027519449611008	1.0	0.9166512502312465	0.9286617834554136	0.9501114966551003	0.9637907241855163	0.9515214543563693
D1/D4/D6-D17d-D17e-D1r-D17c	493709	0.6438406847794567	0.5494002769875356	0.5214715337809799	0.3882883513494595	0.37302880913572595	0.3620259493512662	0.6652766944661107	0.5260071098933516	0.7624235636465453	0	1.0	1.0	1.0	1.0	1.0	1.0	1.0	0.37154199603013893	0.5072423189420264	0.38170164044258453	0.27578534751283706	1.0	0.3819485415437537	0.5728170873165074	0.5618997145128469	0.5614953476628318	0.5511301991410387
D1my	494251	1.0	1.0	1.0	1.0	1.0	1.0	1.0	1.0	1.0	1.0	0	1.0	1.0	1.0	1.0	1.0	1.0	1.0	1.0	1.0	1.0	1.0	1.0	1.0	1.0	1.0	1.0
D1mz	494252	1.0	1.0	1.0	1.0	1.0	1.0	1.0	1.0	1.0	1.0	1.0	0	1.0	1.0	1.0	1.0	1.0	1.0	1.0	1.0	1.0	1.0	1.0	1.0	1.0	1.0	1.0
D1na	494253	1.0	1.0	1.0	1.0	1.0	1.0	1.0	1.0	1.0	1.0	1.0	1.0	0	1.0	1.0	1.0	1.0	1.0	1.0	1.0	1.0	1.0	1.0	1.0	1.0	1.0	1.0
D1dy	494254	1.0	0.9469815905522835	1.0	1.0	1.0	1.0	1.0	1.0	1.0	1.0	1.0	1.0	1.0	0	1.0	1.0	1.0	1.0	1.0	1.0	1.0	1.0	1.0	0.973340666483338	0.9681709548713539	0.9698506029879402	1.0
D1ig	494256	1.0	1.0	1.0	1.0	1.0	1.0	1.0	1.0	1.0	1.0	1.0	1.0	1.0	1.0	0	1.0	1.0	1.0	1.0	1.0	1.0	1.0	1.0	1.0	1.0	1.0	1.0
D1mw	494255	1.0	1.0	0.9432417027489175	1.0	1.0	1.0	1.0	1.0	1.0	1.0	1.0	1.0	1.0	1.0	1.0	0	1.0	1.0	1.0	1.0	1.0	1.0	1.0	1.0	1.0	1.0	1.0
D1nb	494257	1.0	1.0	1.0	1.0	1.0	1.0	1.0	1.0	1.0	1.0	1.0	1.0	1.0	1.0	1.0	1.0	0	1.0	1.0	1.0	1.0	1.0	1.0	1.0	1.0	1.0	1.0
D1/D1ba-D1as-D1at-D4-D6-D1ax-D1bb	493774	0.41846035388761393	0.31904404779761014	0.3459127043647818	0.22797702080427185	0.4842780502682406	0.2740517784466466	0.4367940801479963	0.4842703145937081	0.9138317233655326	0.37154199603013893	1.0	1.0	1.0	1.0	1.0	1.0	1.0	0	0.2666919992400228	0.0967461301547938	0.3981140754369825	1.0	0.08011219607313744	0.2959016844242009	0.28674566271686414	0.3072077116915323	0.23384830758462077
D1as/D1-D4-D1at-D1ba-D6	493778	0.3124871878203045	0.2484400623975041	0.3405763769449222	0.34713632159196023	0.6596585085372866	0.38294234115317694	0.27219091713624294	0.6596534034659653	0.8973610263897361	0.5072423189420264	1.0	1.0	1.0	1.0	1.0	1.0	1.0	0.2666919992400228	0	0.2665220043398698	0.5624131276061718	1.0	0.27975800604984874	0.25585604503842363	0.26161953521859127	0.28863134105976823	0.25083996640134393
D1-D1as-D4-D1at-D6-D1ax-D1ba	493780	0.4178903738369157	0.3345132743362832	0.3408029598520074	0.24150654727084553	0.440339588114416	0.1933441996740098	0.44525386865328365	0.44033119337613247	0.9029519409611808	0.38170164044258453	1.0	1.0	1.0	1.0	1.0	1.0	1.0	0.0967461301547938	0.2665220043398698	0	0.3758949642014319	1.0	0.14875979340723075	0.30837112329945154	0.29640517974101294	0.3226770929162833	0.271906404679766
D1-D17d-D4-D1r-D17e-D17c-D17j	493849	0.643842465513707	0.5494025298735064	0.6063896805159742	0.4958876439324624	0.16306929257475988	0.37568872933811986	0.665278368040799	0.47293054138917223	0.9027519449611008	0.27578534751283706	1.0	1.0	1.0	1.0	1.0	1.0	1.0	0.3981140754369825	0.5624131276061718	0.3758949642014319	0	1.0	0.4491592794252201	0.6331265093070811	0.5969601519924004	0.561497540098396	0.5956102194890256
D1bd	494517	1.0	0.9686709398718039	0.9314720558383248	1.0	1.0	1.0	1.0	1.0	1.0	1.0	1.0	1.0	1.0	1.0	1.0	1.0	1.0	1.0	1.0	1.0	1.0	0	0.9659805102923457	1.0	0.9713408597742068	0.9627207455850882	0.963981080567583
D1-D1as-D1at-D4-D6-D1bb-D1ba-D1ax-D1bd	494010	0.38261852144435665	0.2884520196591153	0.2788724507397167	0.18580442586722398	0.5325040248792536	0.33103672408189794	0.4604507909841803	0.5324970125448119	0.9166512502312465	0.3819485415437537	1.0	1.0	1.0	1.0	1.0	1.0	1.0	0.08011219607313744	0.27975800604984874	0.14875979340723075	0.4491592794252201	0.9659805102923457	0	0.2600595976160954	0.22224499897504613	0.24231651892183773	0.17491712872920717
D1/D1as-D1ba-D1bb-D4-D6-D1ax-D1at-D1ea-D1dy	494012	0.19326226950921963	0.2058336791476469	0.25587092709900955	0.29333826646934125	0.7044618215271389	0.4590489332873349	0.4411967640970771	0.7044573885652858	0.9286617834554136	0.5728170873165074	1.0	1.0	1.0	0.973340666483338	1.0	1.0	1.0	0.2959016844242009	0.25585604503842363	0.30837112329945154	0.6331265093070811	1.0	0.2600595976160954	0	0.10555919424431656	0.17567709453074612	0.16468594227317498
D1/D1as/D1ba-D1bb-D4-D1at-D1ax-D6-D1ea-D1dy-D1bd	494017	0.23003464844082017	0.14563126212427255	0.24872507649541029	0.2857421416036278	0.646845891934863	0.42288308467661295	0.4164104256351028	0.6468405947821565	0.9501114966551003	0.5618997145128469	1.0	1.0	1.0	0.9681709548713539	1.0	1.0	1.0	0.28674566271686414	0.26161953521859127	0.29640517974101294	0.5969601519924004	0.9713408597742068	0.22224499897504613	0.10555919424431656	0	0.11581420928953552	0.07810531368117912
D1-D1as-D1ba-D1bb-D1bd-D4-D1at-D1dy-D1ax-D1ea	494019	0.21964731234406795	0.07381630918454077	0.32282385880705966	0.33838315658951934	0.5977040803571875	0.3874183774486765	0.3946851328716782	0.5976980460390792	0.9637907241855163	0.5614953476628318	1.0	1.0	1.0	0.9698506029879402	1.0	1.0	1.0	0.3072077116915323	0.28863134105976823	0.3226770929162833	0.561497540098396	0.9627207455850882	0.24231651892183773	0.17567709453074612	0.11581420928953552	0	0.16288185590720464
D1/D1ba-D1as-D1bb-D1at-D4-D6-D1bd-D1ax-D1ea	494020	0.2520036598353074	0.2075075495470272	0.226876387416755	0.27274272657730403	0.6440860161292742	0.4261829526818927	0.4031908883189088	0.6440806775796726	0.9515214543563693	0.5511301991410387	1.0	1.0	1.0	1.0	1.0	1.0	1.0	0.23384830758462077	0.25083996640134393	0.271906404679766	0.5956102194890256	0.963981080567583	0.17491712872920717	0.16468594227317498	0.07810531368117912	0.16288185590720464	0
