D1-D1as-D1ba-D1bb-D1ax-D4	494094	0	0.29744161512731926	0.28030598470076495	0.34970926308316125	0.7664670059898203	0.44702382440438987	0.5466036018919432	0.7664646707065859	0.9004219915601688	0.6668933242670293	1.0	1.0	1.0	1.0	1.0	1.0	1.0	0.3136640217592384	0.33257002289931303	0.3388664453421863	0.6668916587919422	1.0	0.30412783488660455	0.2737026833792479	0.3108544572771361	0.24916378762955668	0.2927582896684133
D1-D1as-D1ba-D1dy-D4-D1at-D1bd-D1ea-D1bb	494096	0.29744161512731926	0	0.36369499677517736	0.4200089995500225	0.7616883409080683	0.48275551733447997	0.49791757288494903	0.7616859578510538	0.9129821754456139	0.6746746396412161	1.0	1.0	1.0	0.9129821754456139	1.0	1.0	1.0	0.32062717491300347	0.2964446244381447	0.3650185741641626	0.6746730130794768	0.9331016724581885	0.264433100510477	0.19918004099795011	0.16315602641854698	0.08888555572221389	0.20852561634726438
D1-D1as-D1bb-D4-D1bd-D1ba-D1mw-D6-D1ax	494098	0.28030598470076495	0.36369499677517736	0	0.30158841263730496	0.8083076676932923	0.5424760133395331	0.672113115475381	0.8083057508274751	0.8703638890833275	0.6031098445077746	1.0	1.0	1.0	1.0	1.0	0.9174024779256622	1.0	0.26653300601472935	0.3803247870085197	0.328033598320084	0.6786744596493158	0.9079027629171125	0.19497025148742564	0.25955072471014096	0.2258864468131912	0.29256890871002095	0.19952002399880006
D1-D4-D1as-D1bb-D1mx-D6-D1at-D1ax	494099	0.34970926308316125	0.4200089995500225	0.30158841263730496	0	0.7584784532541361	0.5084247472575822	0.5490257840975565	0.7584760380990475	0.8684932876678083	0.5196016179271933	1.0	1.0	1.0	1.0	1.0	1.0	1.0	0.1970921163153474	0.3334133305334313	0.23655435505402256	0.6269749210031599	1.0	0.18929648165832538	0.27077646117694115	0.3079980601066941	0.36678166091695413	0.26026328815203315
D1-D17d-D1r-D17e-D17c	494110	0.7664670059898203	0.7616883409080683	0.8083076676932923	0.7584784532541361	0	0.5468767968480472	0.6658466830663387	0.5468745312546874	1.0	0.37212883613491593	1.0	1.0	1.0	1.0	1.0	1.0	1.0	0.7067873303167421	0.7344953100937981	0.6654700358989231	0.21721956951076224	1.0	0.740897773066808	0.8116365927192548	0.8004879804807807	0.7685880994165204	0.7874863754087378
D1/D1as-D4	494126	0.44702382440438987	0.48275551733447997	0.5424760133395331	0.5084247472575822	0.5468767968480472	0	0.4233586496202557	0.4722026389868051	0.770281148594257	0.47554311142221445	1.0	1.0	1.0	1.0	1.0	1.0	1.0	0.44410111797764046	0.36602950955735664	0.3580060498487538	0.5574988500229996	1.0	0.5040723981900452	0.5614231573052808	0.5763348282810101	0.5207143785686429	0.5648208794780131
D1at-D1-D1as	494127	0.5466036018919432	0.49791757288494903	0.672113115475381	0.5490257840975565	0.6658466830663387	0.4233586496202557	0	0.6658433415665843	1.0	0.6898193054208374	1.0	1.0	1.0	1.0	1.0	1.0	1.0	0.4361140971475713	0.3300733985320294	0.39034828955131345	0.6896177595560111	1.0	0.5056248312550623	0.5767348142815002	0.5769869205231791	0.5259865904693336	0.5379538613841585
D1	494142	0.7664646707065859	0.7616859578510538	0.8083057508274751	0.7584760380990475	0.5468745312546874	0.4722026389868051	0.6658433415665843	0	1.0	0.6898162036759264	1.0	1.0	1.0	1.0	1.0	1.0	1.0	0.7067843982340265	0.7344926550734493	0.6654666906661867	0.6896146557801633	1.0	0.7408951820963581	0.8116347091322716	0.8004859854204374	0.7685857853553661	0.7874842503149937
D4	494143	0.9004219915601688	0.9129821754456139	0.8703638890833275	0.8684932876678083	1.0	0.770281148594257	1.0	1.0	0	0.7857242855142897	1.0	1.0	1.0	1.0	1.0	1.0	1.0	0.8802417963730544	0.8740212597874021	0.8624527509449811	0.8678819817702734	1.0	0.8914021719565609	0.9087122821929452	0.925332240032799	0.9307417314567136	0.9231015379692407
D1/D4/D6-D17d-D17e-D1r-D17c	493709	0.6668933242670293	0.6746746396412161	0.6031098445077746	0.5196016179271933	0.37212883613491593	0.47554311142221445	0.6898193054208374	0.6898162036759264	0.7857242855142897	0	1.0	1.0	1.0	1.0	1.0	1.0	1.0	0.4809781657641983	0.518884433466996	0.4579616815327387	0.24001659941902034	1.0	0.5362285508579657	0.6363963621637027	0.6631068446577671	0.6993335299911504	0.6367545298188072
D1my	494251	1.0	1.0	1.0	1.0	1.0	1.0	1.0	1.0	1.0	1.0	0	1.0	1.0	1.0	1.0	1.0	1.0	1.0	1.0	1.0	1.0	1.0	1.0	1.0	1.0	1.0	1.0
D1mz	494252	1.0	1.0	1.0	1.0	1.0	1.0	1.0	1.0	1.0	1.0	1.0	0	1.0	1.0	1.0	1.0	1.0	1.0	1.0	1.0	1.0	1.0	1.0	1.0	1.0	1.0	1.0
D1na	494253	1.0	1.0	1.0	1.0	1.0	1.0	1.0	1.0	1.0	1.0	1.0	1.0	0	1.0	1.0	1.0	1.0	1.0	1.0	1.0	1.0	1.0	1.0	1.0	1.0	1.0	1.0
D1dy	494254	1.0	0.9129821754456139	1.0	1.0	1.0	1.0	1.0	1.0	1.0	1.0	1.0	1.0	1.0	0	1.0	1.0	1.0	1.0	1.0	1.0	1.0	1.0	1.0	0.9478513037174071	0.9413017609471716	0.9371815704607385	1.0
D1ig	494256	1.0	1.0	1.0	1.0	1.0	1.0	1.0	1.0	1.0	1.0	1.0	1.0	1.0	1.0	0	1.0	1.0	1.0	1.0	1.0	1.0	1.0	1.0	1.0	1.0	1.0	1.0
D1mw	494255	1.0	1.0	0.9174024779256622	1.0	1.0	1.0	1.0	1.0	1.0	1.0	1.0	1.0	1.0	1.0	1.0	0	1.0	1.0	1.0	1.0	1.0	1.0	1.0	1.0	1.0	1.0	1.0
D1nb	494257	1.0	1.0	1.0	1.0	1.0	1.0	1.0	1.0	1.0	1.0	1.0	1.0	1.0	1.0	1.0	1.0	0	1.0	1.0	1.0	1.0	1.0	1.0	1.0	1.0	1.0	1.0
D1/D1ba-D1as-D1at-D4-D6-D1ax-D1bb	493774	0.3136640217592384	0.32062717491300347	0.26653300601472935	0.1970921163153474	0.7067873303167421	0.44410111797764046	0.4361140971475713	0.7067843982340265	0.8802417963730544	0.4809781657641983	1.0	1.0	1.0	1.0	1.0	1.0	1.0	0	0.17025074373140672	0.10528131515396962	0.5870323890283291	1.0	0.09692160774372897	0.20719171233150674	0.242834072466739	0.29159833606655733	0.19087831925882595
D1as/D1-D4-D1at-D1ba-D6	493778	0.33257002289931303	0.2964446244381447	0.3803247870085197	0.3334133305334313	0.7344953100937981	0.36602950955735664	0.3300733985320294	0.7344926550734493	0.8740212597874021	0.518884433466996	1.0	1.0	1.0	1.0	1.0	1.0	1.0	0.17025074373140672	0	0.17549473515794525	0.6085197870053248	1.0	0.22791316260512184	0.2870349537766178	0.3366665333386665	0.3422730204442844	0.28219153425397236
D1-D1as-D4-D1at-D6-D1ax-D1ba	493780	0.3388664453421863	0.3650185741641626	0.328033598320084	0.23655435505402256	0.6654700358989231	0.3580060498487538	0.39034828955131345	0.6654666906661867	0.8624527509449811	0.4579616815327387	1.0	1.0	1.0	1.0	1.0	1.0	1.0	0.10528131515396962	0.17549473515794525	0	0.5575054873079442	1.0	0.16682332706691733	0.2503137358818853	0.30765461726913657	0.33598988045537953	0.2594196232150714
D1-D17d-D4-D1r-D17e-D17c-D17j	493849	0.6668916587919422	0.6746730130794768	0.6786744596493158	0.6269749210031599	0.21721956951076224	0.5574988500229996	0.6896177595560111	0.6896146557801633	0.8678819817702734	0.24001659941902034	1.0	1.0	1.0	1.0	1.0	1.0	1.0	0.5870323890283291	0.6085197870053248	0.5575054873079442	0	1.0	0.632302869399571	0.7203511859525619	0.7258223379947902	0.6993320267189312	0.7105901293454729
D1bd	494517	1.0	0.9331016724581885	0.9079027629171125	1.0	1.0	1.0	1.0	1.0	1.0	1.0	1.0	1.0	1.0	1.0	1.0	1.0	1.0	1.0	1.0	1.0	1.0	0	0.9335813283734326	1.0	0.9439416817495475	0.9299717507062324	0.9354212915741685
D1-D1as-D1at-D4-D6-D1bb-D1ba-D1ax-D1bd	494010	0.30412783488660455	0.264433100510477	0.19497025148742564	0.18929648165832538	0.740897773066808	0.5040723981900452	0.5056248312550623	0.7408951820963581	0.8914021719565609	0.5362285508579657	1.0	1.0	1.0	1.0	1.0	1.0	1.0	0.09692160774372897	0.22791316260512184	0.16682332706691733	0.632302869399571	0.9335813283734326	0	0.1976561054752536	0.17567121643917805	0.21407536660850263	0.11519539218431263
D1/D1as-D1ba-D1bb-D4-D6-D1ax-D1at-D1ea-D1dy	494012	0.2737026833792479	0.19918004099795011	0.25955072471014096	0.27077646117694115	0.8116365927192548	0.5614231573052808	0.5767348142815002	0.8116347091322716	0.9087122821929452	0.6363963621637027	1.0	1.0	1.0	0.9478513037174071	1.0	1.0	1.0	0.20719171233150674	0.2870349537766178	0.2503137358818853	0.7203511859525619	1.0	0.1976561054752536	0	0.08443035633040183	0.14900254987250638	0.13583888725007376
D1/D1as/D1ba-D1bb-D4-D1at-D1ax-D6-D1ea-D1dy-D1bd	494017	0.3108544572771361	0.16315602641854698	0.2258864468131912	0.3079980601066941	0.8004879804807807	0.5763348282810101	0.5769869205231791	0.8004859854204374	0.925332240032799	0.6631068446577671	1.0	1.0	1.0	0.9413017609471716	1.0	1.0	1.0	0.242834072466739	0.3366665333386665	0.30765461726913657	0.7258223379947902	0.9439416817495475	0.17567121643917805	0.08443035633040183	0	0.09771962542060186	0.07535623218839058
D1-D1as-D1ba-D1bb-D1bd-D4-D1at-D1dy-D1ax-D1ea	494019	0.24916378762955668	0.08888555572221389	0.29256890871002095	0.36678166091695413	0.7685880994165204	0.5207143785686429	0.5259865904693336	0.7685857853553661	0.9307417314567136	0.6993335299911504	1.0	1.0	1.0	0.9371815704607385	1.0	1.0	1.0	0.29159833606655733	0.3422730204442844	0.33598988045537953	0.6993320267189312	0.9299717507062324	0.21407536660850263	0.14900254987250638	0.09771962542060186	0	0.13991870365833536
D1/D1ba-D1as-D1bb-D1at-D4-D6-D1bd-D1ax-D1ea	494020	0.2927582896684133	0.20852561634726438	0.19952002399880006	0.26026328815203315	0.7874863754087378	0.5648208794780131	0.5379538613841585	0.7874842503149937	0.9231015379692407	0.6367545298188072	1.0	1.0	1.0	1.0	1.0	1.0	1.0	0.19087831925882595	0.28219153425397236	0.2594196232150714	0.7105901293454729	0.9354212915741685	0.11519539218431263	0.13583888725007376	0.07535623218839058	0.13991870365833536	0
