D1-D1as-D1ba-D1bb-D1ax-D4	494094	0.0	0.0018716358431997246	0.001826297698904002	0.0037719594131726338	0.011674771023702889	0.004022683958659814	0.003597532927814861	0.004838865193661901	0.010094840494581625	0.003248938107802659	0.0033389808161751475	0.003806348924965794	0.012023458225045235	0.0021175367460911734	0.0021992364898643156	0.002201643648205789	0.001635626833906097	0.002053159170166921	0.007919124517684695	0.008650401413286013	0.011614602427981607	0.012142432408077577	0.008653339395051486	0.00956742399757073	0.012141762508987304	0.009058715070318905	0.015429453728891334
D1-D1as-D1ba-D1dy-D4-D1at-D1bd-D1ea-D1bb	494096	0.0018716358431997246	0.0	0.002678375588138702	0.004174792593313343	0.011989181537890865	0.004433174072708468	0.003945300686525958	0.005153141221099451	0.010505219015681378	0.0036593149168508894	0.004266517787707107	0.0042167641186601655	0.012434055063858071	0.0027073113118876516	0.0015362448181909048	0.001367585331814093	0.0007383405921982334	0.0018309788822088956	0.008329512413563219	0.008300946714642678	0.012068278371254373	0.013276747268075963	0.008968100333253374	0.010399407280679661	0.013275998742238882	0.00976313733518241	0.015372933794242878
D1-D1as-D1bb-D4-D1bd-D1ba-D1mw-D6-D1ax	494098	0.001826297698904002	0.002678375588138702	0.0	0.0036167640552560907	0.01291608538601289	0.004451192864050895	0.004939306119136173	0.00608002766334733	0.009939661887047981	0.0030937890630353456	0.003768302806392551	0.0036513263777298416	0.013014240963909695	0.001967130205187497	0.0022751859353653406	0.0019229569143199426	0.002179120585041778	0.0014561237992074985	0.00834721504139172	0.009891268768786243	0.011879411827154568	0.013273616829734053	0.009894757117676465	0.011393160988702258	0.01390800620729854	0.009765693670585883	0.01569456310109978
D1-D4-D1as-D1bb-D1mx-D6-D1at-D1ax	494099	0.0037719594131726338	0.004174792593313343	0.0036167640552560907	0.0	0.010678161986284762	0.0029768034963875887	0.004166405540608916	0.0038409330471364314	0.007196976231263589	0.0019443239069874617	0.003686977156573542	0.002501828214592601	0.010776374660129933	0.0016548662322441012	0.002904539203368316	0.0036598345888955524	0.00433728948337973	0.0033660573589805107	0.005849385485417291	0.007636230689425287	0.01206603281932034	0.014465585527916042	0.007656880876291854	0.01062048874645677	0.014464585327916042	0.009104023859350325	0.015880777707376312
D1-D17d-D1r-D17e-D17c	494110	0.011674771023702889	0.011989181537890865	0.01291608538601289	0.010678161986284762	0.0	0.00865611927096063	0.008078708125584977	0.00684088261136659	0.004896050113905828	0.0102163792381287	0.009949767101959411	0.009615843127462966	0.0012100442181779282	0.011107611476363405	0.012044918460109756	0.012347041701988814	0.0120161261575252	0.01223278853398282	0.01068764493952814	0.010653057039528142	0.018290974499050282	0.018375809327211834	0.010657042499050284	0.014530949627211836	0.018374809127211837	0.014474503199050283	0.022105495499050283
D1/D1as-D4	494126	0.004022683958659814	0.004433174072708468	0.004451192864050895	0.0029768034963875887	0.00865611927096063	0.0	0.001192468531767051	0.001818046191640836	0.006073292865647896	0.0017110595646774587	0.0014046442100837842	0.0009973516820890012	0.008754616383811932	0.0029147999336198824	0.003810949941773936	0.004403686405761941	0.004597117982858814	0.004187309124892376	0.0038971195604039595	0.005629910432046795	0.013270020311098888	0.011490989437056292	0.00563608831109889	0.007645644785551445	0.011489989237056296	0.00945354901109889	0.017084541311098888
D1at-D1-D1as	494127	0.003597532927814861	0.003945300686525958	0.004939306119136173	0.004166405540608916	0.008078708125584977	0.001192468531767051	0.0	0.0012426763977204558	0.007264763686910335	0.0028697764133674662	0.0018733424722562914	0.0021871668316368895	0.009193507039378174	0.003909923371314288	0.004325351906675883	0.004805565406468506	0.004107264963337625	0.0047033801150841974	0.005089200864067186	0.005054612964067186	0.0126904781915017	0.01030090213205359	0.0050572338539692065	0.006455398360867826	0.01029990193205359	0.008874006891501699	0.0165049991915017
D1	494142	0.004838865193661901	0.005153141221099451	0.00608002766334733	0.0038409330471364314	0.00684088261136659	0.001818046191640836	0.0012426763977204558	0.0	0.006025863449155254	0.0033797824197520994	0.003113708783704889	0.0027789980265593758	0.00795598020325837	0.004271290493132747	0.005208793785497251	0.005510870650564718	0.005180050598331002	0.005396614284157921	0.0038478562	0.0038132682999999995	0.0114542987	0.011540227399999999	0.0038203667	0.0076953677	0.0115392272	0.0076378274	0.0152688197
D1/D4/D6-D17d-D17e-D1r-D17c	493709	0.010094840494581625	0.010505219015681378	0.009939661887047981	0.007196976231263589	0.004896050113905828	0.006073292865647896	0.007264763686910335	0.006025863449155254	0.0	0.006846339275584376	0.006784786899040289	0.0062889114032219275	0.0049942615883507	0.007978057597745513	0.009234952334022207	0.009991238782617911	0.010669144923419777	0.009689222000199121	0.007009914635379387	0.009837007786344096	0.017476973546096175	0.017562266636778966	0.00984304154609617	0.013717406936778967	0.01756126643677897	0.013660502246096171	0.021291494546096176
D1/D1ba-D1as-D1at-D4-D6-D1ax-D1bb	493774	0.003248938107802659	0.0036593149168508894	0.0030937890630353456	0.0019443239069874617	0.0102163792381287	0.0017110595646774587	0.0028697764133674662	0.0033797824197520994	0.006846339275584376	0.0	0.0017427209945764576	0.0007301312668832465	0.010314615476241318	0.0013170809438924431	0.002388816691587271	0.003145071415421604	0.0038230982609520577	0.00284300026018922	0.005489122395081968	0.00719118546585366	0.013025581877748901	0.012521704557656938	0.007195489985485806	0.009323942791963215	0.012520872690323872	0.009629517552219113	0.016840213033686526
D1as/D1-D4-D1at-D1ba-D6	493778	0.0033389808161751475	0.004266517787707107	0.003768302806392551	0.003686977156573542	0.009949767101959411	0.0014046442100837842	0.0018733424722562914	0.003113708783704889	0.006784786899040289	0.0017427209945764576	0.0	0.00118530606966398	0.010047990919847677	0.002904119790644975	0.0033207256553191775	0.00434394314788128	0.0045660078719232874	0.004038029821394523	0.005301239316724982	0.006925076853773868	0.01456306482610217	0.010779586505708288	0.006929393148005598	0.007814616110216934	0.010778815237028892	0.01074659352610217	0.01837758582610217
D1-D1as-D4-D1at-D6-D1ax-D1ba	493780	0.003806348924965794	0.0042167641186601655	0.0036513263777298416	0.002501828214592601	0.009615843127462966	0.0009973516820890012	0.0021871668316368895	0.0027789980265593758	0.0062889114032219275	0.0007301312668832465	0.00118530606966398	0.0	0.009714103044579746	0.0019338748345461814	0.0029462824124860633	0.003702602644190211	0.004380547462761333	0.0034005462815615253	0.004841484297730908	0.006590471444512195	0.013539935658306676	0.011964333040573772	0.006595173986775289	0.008641192400209916	0.011963468586275491	0.009723464358306675	0.017354456658306677
D1-D17d-D4-D1r-D17e-D17c-D17j	493849	0.012023458225045235	0.012434055063858071	0.013014240963909695	0.010776374660129933	0.0012100442181779282	0.008754616383811932	0.009193507039378174	0.00795598020325837	0.0049942615883507	0.010314615476241318	0.010047990919847677	0.009714103044579746	0.0	0.011205870105519605	0.012143150877391304	0.012445307302678657	0.01259789701357548	0.012331049736871564	0.010785856413973012	0.011767604725147424	0.019405725636251876	0.019490539093873063	0.011771793636251873	0.015645679393873065	0.019489538893873067	0.015589254336251874	0.023220246636251878
D1-D1as-D1at-D4-D6-D1bb-D1ba-D1ax-D1bd	494010	0.0021175367460911734	0.0027073113118876516	0.001967130205187497	0.0016548662322441012	0.011107611476363405	0.0029147999336198824	0.003909923371314288	0.004271290493132747	0.007978057597745513	0.0013170809438924431	0.002904119790644975	0.0019338748345461814	0.011205870105519605	0.0	0.0012958470786774655	0.0020133680984727753	0.002691374141109994	0.001711279951736144	0.006543583790013995	0.008082667749550179	0.011708561909466212	0.013598118489994003	0.008086465926239503	0.010364249486015595	0.013597277226419433	0.009052729923200718	0.015523519934656135
D1/D1as-D1ba-D1bb-D4-D6-D1ax-D1at-D1ea-D1dy	494012	0.0021992364898643156	0.0015362448181909048	0.0022751859353653406	0.002904539203368316	0.012044918460109756	0.003810949941773936	0.004325351906675883	0.005208793785497251	0.009234952334022207	0.002388816691587271	0.0033207256553191775	0.0029462824124860633	0.012143150877391304	0.0012958470786774655	0.0	0.0010751286923338331	0.0015763415365755411	0.0013012418987806095	0.007707056398570715	0.00862228636283858	0.012598344100049974	0.01372745877656172	0.0090235939594003	0.010779456301929035	0.013726691859920042	0.00992306701590205	0.015942440820789605
D1/D1as/D1ba-D1bb-D4-D1at-D1ax-D6-D1ea-D1dy-D1bd	494017	0.002201643648205789	0.001367585331814093	0.0019229569143199426	0.0036598345888955524	0.012347041701988814	0.004403686405761941	0.004805565406468506	0.005510870650564718	0.009991238782617911	0.003145071415421604	0.00434394314788128	0.003702602644190211	0.012445307302678657	0.0020133680984727753	0.0010751286923338331	0.0	0.0008732752879717597	0.0004796418369915042	0.008299777270354823	0.008874926458390804	0.011572780712963518	0.014313117122308847	0.00932549231256372	0.011259809744347829	0.014312322819360321	0.00938893621596202	0.014934665536251874
D1-D1as-D1ba-D1bb-D1bd-D4-D1at-D1dy-D1ax-D1ea	494019	0.001635626833906097	0.0007383405921982334	0.002179120585041778	0.00433728948337973	0.0120161261575252	0.004597117982858814	0.004107264963337625	0.005180050598331002	0.010669144923419777	0.0038230982609520577	0.0045660078719232874	0.004380547462761333	0.01259789701357548	0.002691374141109994	0.0015763415365755411	0.0008732752879717597	0.0	0.0012295777854791621	0.008493389239546272	0.00851234732913252	0.011330109263312014	0.013472046081201278	0.00899458441801919	0.01056158142321607	0.013471288935368779	0.009123258479602239	0.014745460564331401
D1/D1ba-D1as-D1bb-D1at-D4-D6-D1bd-D1ax-D1ea	494020	0.002053159170166921	0.0018309788822088956	0.0014561237992074985	0.0033660573589805107	0.01223278853398282	0.004187309124892376	0.0047033801150841974	0.005396614284157921	0.009689222000199121	0.00284300026018922	0.004038029821394523	0.0034005462815615253	0.012331049736871564	0.001711279951736144	0.0013012418987806095	0.0004796418369915042	0.0012295777854791621	0.0	0.008083411183888056	0.009208006122388805	0.011297244730004997	0.014194857857171414	0.009211009651464269	0.011157702413983008	0.014194067752123939	0.009177519491214392	0.0147263005374013
D4	494143	0.007919124517684695	0.008329512413563219	0.00834721504139172	0.005849385485417291	0.01068764493952814	0.0038971195604039595	0.005089200864067186	0.0038478562	0.007009914635379387	0.005489122395081968	0.005301239316724982	0.004841484297730908	0.010785856413973012	0.006543583790013995	0.007707056398570715	0.008299777270354823	0.008493389239546272	0.008083411183888056	0.0	0.0076571245	0.015300154900000001	0.0153860836	0.0076662229	0.0115412239	0.0153850834	0.011483683599999999	0.019114675900000003
D1dy	494254	0.008650401413286013	0.008300946714642678	0.009891268768786243	0.007636230689425287	0.010653057039528142	0.005629910432046795	0.005054612964067186	0.0038132682999999995	0.009837007786344096	0.00719118546585366	0.006925076853773868	0.006590471444512195	0.011767604725147424	0.008082667749550179	0.00862228636283858	0.008874926458390804	0.00851234732913252	0.009208006122388805	0.0076571245	0.0	0.015265567	0.015351495699999999	0.0076316349999999995	0.011506635999999999	0.0153504955	0.0114490957	0.019080088000000002
D1bd	494517	0.011614602427981607	0.012068278371254373	0.011879411827154568	0.01206603281932034	0.018290974499050282	0.013270020311098888	0.0126904781915017	0.0114542987	0.017476973546096175	0.013025581877748901	0.01456306482610217	0.013539935658306676	0.019405725636251876	0.011708561909466212	0.012598344100049974	0.011572780712963518	0.011330109263312014	0.011297244730004997	0.015300154900000001	0.015265567	0.0	0.0229868345	0.015264973800000001	0.0191419748	0.0229858343	0.0038184713000000005	0.003818521
D1mw	494255	0.012142432408077577	0.013276747268075963	0.013273616829734053	0.014465585527916042	0.018375809327211834	0.011490989437056292	0.01030090213205359	0.011540227399999999	0.017562266636778966	0.012521704557656938	0.010779586505708288	0.011964333040573772	0.019490539093873063	0.013598118489994003	0.01372745877656172	0.014313117122308847	0.013472046081201278	0.014194857857171414	0.0153860836	0.015351495699999999	0.0229868345	0.0	0.015352902500000001	0.0115365795	0.0076907196	0.019170363200000002	0.0268013555
D1my	494251	0.008653339395051486	0.008968100333253374	0.009894757117676465	0.007656880876291854	0.010657042499050284	0.00563608831109889	0.0050572338539692065	0.0038203667	0.00984304154609617	0.007195489985485806	0.006929393148005598	0.006595173986775289	0.011771793636251873	0.008086465926239503	0.0090235939594003	0.00932549231256372	0.00899458441801919	0.009211009651464269	0.0076662229	0.0076316349999999995	0.015264973800000001	0.015352902500000001	0.0	0.0115080428	0.015351902300000001	0.011448502499999999	0.0190794948
D1mz	494252	0.00956742399757073	0.010399407280679661	0.011393160988702258	0.01062048874645677	0.014530949627211836	0.007645644785551445	0.006455398360867826	0.0076953677	0.013717406936778967	0.009323942791963215	0.007814616110216934	0.008641192400209916	0.015645679393873065	0.010364249486015595	0.010779456301929035	0.011259809744347829	0.01056158142321607	0.011157702413983008	0.0115412239	0.011506635999999999	0.0191419748	0.0115365795	0.0115080428	0.0	0.011535579300000001	0.0153255035	0.022956495799999997
D1na	494253	0.012141762508987304	0.013275998742238882	0.01390800620729854	0.014464585327916042	0.018374809127211837	0.011489989237056296	0.01029990193205359	0.0115392272	0.01756126643677897	0.012520872690323872	0.010778815237028892	0.011963468586275491	0.019489538893873067	0.013597277226419433	0.013726691859920042	0.014312322819360321	0.013471288935368779	0.014194067752123939	0.0153850834	0.0153504955	0.0229858343	0.0076907196	0.015351902300000001	0.011535579300000001	0.0	0.019169363000000002	0.026800355300000002
D1ig	494256	0.009058715070318905	0.00976313733518241	0.009765693670585883	0.009104023859350325	0.014474503199050283	0.00945354901109889	0.008874006891501699	0.0076378274	0.013660502246096171	0.009629517552219113	0.01074659352610217	0.009723464358306675	0.015589254336251874	0.009052729923200718	0.00992306701590205	0.00938893621596202	0.009123258479602239	0.009177519491214392	0.011483683599999999	0.0114490957	0.0038184713000000005	0.019170363200000002	0.011448502499999999	0.0153255035	0.019169363000000002	0.0	0.0076329923000000004
D1nb	494257	0.015429453728891334	0.015372933794242878	0.01569456310109978	0.015880777707376312	0.022105495499050283	0.017084541311098888	0.0165049991915017	0.0152688197	0.021291494546096176	0.016840213033686526	0.01837758582610217	0.017354456658306677	0.023220246636251878	0.015523519934656135	0.015942440820789605	0.014934665536251874	0.014745460564331401	0.0147263005374013	0.019114675900000003	0.019080088000000002	0.003818521	0.0268013555	0.0190794948	0.022956495799999997	0.026800355300000002	0.0076329923000000004	0.0
