D1-D1as-D1ba-D1bb-D1ax-D4	494094	0.0	0.0017541810006013949	0.0020548963691682095	0.0038408779360391064	0.00865638753909218	0.0039519482903110515	0.0032152007419516096	0.004413302532473505	0.007904841201459708	0.003638341871174167	0.0029412413113591536	0.003749159554743495	0.009296741446176066	0.002795257981662426	0.001939431184200937	0.0014792449814190539	0.0012820870171714527	0.0014956718595511304	0.00783823027864427	0.008225063933853229	0.011836821255208957	0.011575996035672864	0.008228155144891022	0.008889512374045191	0.01157529717540492	0.009170404394141171	0.015651643594941013
D1-D1as-D1ba-D1dy-D4-D1at-D1bd-D1ea-D1bb	494096	0.0017541810006013949	0.0	0.0032230152555707283	0.003348995914843322	0.00778590039684454	0.0030945949912907908	0.002346035397344105	0.003542815390225864	0.0070474879024394485	0.002781087381154364	0.00246273076005646	0.0028918284707656985	0.00843942029497698	0.0022805041128538188	0.001314514665980412	0.0014923231082169452	0.0007258553437337597	0.001926936204001106	0.006981069023326005	0.006950152155686588	0.012892079171856887	0.011391652065120928	0.0073588950755546665	0.00839877705576654	0.011390873532120729	0.009775891832160703	0.01646731262558465
D1-D1as-D1bb-D4-D1bd-D1ba-D1mw-D6-D1ax	494098	0.0020548963691682095	0.0032230152555707283	0.0	0.0032450883688303106	0.009396707163249411	0.0038521911387603067	0.0042406550266999386	0.0051535046705717714	0.007309000068732962	0.0032549255024596816	0.0036811519018889096	0.0034439284617472934	0.009710304806798993	0.002441993328462811	0.002123480361536113	0.0018742883410035984	0.002626451458331191	0.0014458084011165627	0.007598811890883647	0.008965001279248302	0.011555265568992404	0.013193551371671332	0.00896899984230308	0.010737616020231908	0.01362940031665334	0.009317555788324671	0.015370337348680528
D1-D4-D1as-D1bb-D1mx-D6-D1at-D1ax	494099	0.0038408779360391064	0.003348995914843322	0.0032450883688303106	0.0	0.007296910760900754	0.00230519709263925	0.003462769480384583	0.0030531831291812457	0.004750739064774673	0.0019328899722037421	0.0033697223379686096	0.0021456377054783564	0.007610754018564431	0.0011203492110331795	0.0026853360024279662	0.003103777184091616	0.0032414344539519113	0.0028697006112124016	0.005323874407897632	0.006852298295241427	0.012089912597450764	0.013804694997760672	0.006870254784414676	0.009959630959062282	0.013803694797760672	0.0089441757316605	0.01590460934472658
D1-D17d-D1r-D17e-D17c	494110	0.00865638753909218	0.00778590039684454	0.009396707163249411	0.007296910760900754	0.0	0.005545770294781497	0.005442749284883023	0.004246308757188562	0.004246666628354329	0.006313424259707219	0.006906278439618776	0.00596185279997903	0.0010625732548246007	0.007117736704553595	0.008562391385698007	0.008426896428143454	0.007918732946114978	0.008322232952435851	0.008093499690241951	0.00805891179024195	0.015698048973565287	0.015783312406618673	0.008064116973565285	0.011938452706618677	0.015782312206618677	0.011881577673565288	0.01951256997356528
D1/D1as-D4	494126	0.0039519482903110515	0.0030945949912907908	0.0038521911387603067	0.00230519709263925	0.005545770294781497	0.0	0.0011597975781134906	0.00130146577820218	0.003953268968323984	0.0008416685438066957	0.001450530635037715	0.0005679812429814051	0.005859883536223564	0.0017492701074571819	0.003266111732705942	0.00349021413527323	0.0033566501753003854	0.003324144252992103	0.0038870031764823517	0.005113729978612138	0.012754097537336266	0.01150110062149785	0.005120165537336266	0.007655892756314368	0.01150010042149785	0.008937626237336266	0.01656861853733627
D1at-D1-D1as	494127	0.0032152007419516096	0.002346035397344105	0.0042406550266999386	0.003462769480384583	0.005442749284883023	0.0011597975781134906	0.0	0.0011996206869826034	0.005112690489262147	0.0019209163314103897	0.0014661161801414525	0.001539300824271417	0.006504720632841279	0.002803304798954223	0.003121882501687942	0.0031130169680301844	0.002478557496044884	0.003215813023624283	0.005046146353089382	0.005011558453089382	0.012647384703279346	0.010343976639032193	0.0050141615615076985	0.006498495263367327	0.010342976439032193	0.008830913403279345	0.01646190570327934
D1	494142	0.004413302532473505	0.003542815390225864	0.0051535046705717714	0.0030531831291812457	0.004246308757188562	0.00130146577820218	0.0011996206869826034	0.0	0.003915299340331933	0.002070008252883558	0.0026631934330001	0.0017182521488053582	0.005308806568479456	0.002874315600569601	0.0043192907223665805	0.00418373491907237	0.003675647939496302	0.004079017411504248	0.0038478562	0.0038132682999999995	0.0114542987	0.011540227399999999	0.0038203667	0.0076953677	0.0115392272	0.0076378274	0.0152688197
D1/D4/D6-D17d-D17e-D1r-D17c	493709	0.007904841201459708	0.0070474879024394485	0.007309000068732962	0.004750739064774673	0.004246666628354329	0.003953268968323984	0.005112690489262147	0.003915299340331933	0.0	0.004266791499857623	0.005019178286364318	0.004155993058511631	0.004560509886018006	0.005109824850655681	0.006753111966261155	0.007172310651679783	0.007309543086449042	0.006933735442969199	0.004892424190161967	0.007726769399980004	0.015367674641051791	0.015453297202279543	0.00773374264105179	0.011608437502279544	0.015452297002279545	0.011551203341051789	0.01918219564105179
D1/D1ba-D1as-D1at-D4-D6-D1ax-D1bb	493774	0.003638341871174167	0.002781087381154364	0.0032549255024596816	0.0019328899722037421	0.006313424259707219	0.0008416685438066957	0.0019209163314103897	0.002070008252883558	0.004266791499857623	0.0	0.0014371272637622348	0.0003821697977964911	0.006627289745165326	0.0009549789975705165	0.002486517262295275	0.0029057117612183133	0.0030429857971757757	0.002667052204637681	0.004728178758690655	0.005881998591864067	0.012836652593403297	0.011872304508175913	0.005887217934232884	0.00841774080569715	0.011871405857401299	0.009168949290104946	0.016651212573913044
D1as/D1-D4-D1at-D1ba-D6	493778	0.0029412413113591536	0.00246273076005646	0.0036811519018889096	0.0033697223379686096	0.006906278439618776	0.001450530635037715	0.0014661161801414525	0.0026631934330001	0.005019178286364318	0.0014371272637622348	0.0	0.0013060011168449465	0.007219789775587324	0.002367177695121924	0.0025866703476166483	0.003158281572829861	0.002849341862239633	0.003127553593471122	0.005336890539728081	0.0064748374202939106	0.014112956575827252	0.010436183896421074	0.006479189126462061	0.0070850320414875545	0.010435312257852646	0.010296485275827253	0.01792747757582725
D1-D1as-D4-D1at-D6-D1ax-D1ba	493780	0.003749159554743495	0.0028918284707656985	0.0034439284617472934	0.0021456377054783564	0.00596185279997903	0.0005679812429814051	0.001539300824271417	0.0017182521488053582	0.004155993058511631	0.0003821697977964911	0.0013060011168449465	0.0	0.006275761637968609	0.0012651618252331157	0.0026982921164010686	0.0030165500460043173	0.0031538356835580225	0.002777947240413641	0.004454683105818254	0.00553035079970009	0.012808690204478656	0.011659661892262321	0.005535817837188843	0.008035957364430671	0.011658719274987505	0.008992218904478657	0.016623211204478655
D1-D17d-D4-D1r-D17e-D17c-D17j	493849	0.009296741446176066	0.00843942029497698	0.009710304806798993	0.007610754018564431	0.0010625732548246007	0.005859883536223564	0.006504720632841279	0.005308806568479456	0.004560509886018006	0.006627289745165326	0.007219789775587324	0.006275761637968609	0.0	0.007431362206419007	0.008876040856513718	0.008835209266051568	0.008701490128559322	0.008669135581553529	0.008407342947905627	0.009120934210676796	0.016760020321523544	0.016845197446995905	0.009126088321523543	0.013000337746995902	0.016844197246995905	0.012943549021523544	0.020574541321523546
D1-D1as-D1at-D4-D6-D1bb-D1ba-D1ax-D1bd	494010	0.002795257981662426	0.0022805041128538188	0.002441993328462811	0.0011203492110331795	0.007117736704553595	0.0017492701074571819	0.002803304798954223	0.002874315600569601	0.005109824850655681	0.0009549789975705165	0.002367177695121924	0.0012651618252331157	0.007431362206419007	0.0	0.0016434841843932814	0.0020625704946573924	0.0021999979563591433	0.0018239219721537271	0.005562609435545118	0.006686217257219946	0.011881765711082242	0.012788012888907765	0.0066910068055760965	0.009300331716038774	0.012787105623853304	0.008787696593774359	0.01569654413088838
D1/D1as-D1ba-D1bb-D4-D6-D1ax-D1at-D1ea-D1dy	494012	0.001939431184200937	0.001314514665980412	0.002123480361536113	0.0026853360024279662	0.008562391385698007	0.003266111732705942	0.003121882501687942	0.0043192907223665805	0.006753111966261155	0.002486517262295275	0.0025866703476166483	0.0026982921164010686	0.008876040856513718	0.0016434841843932814	0.0	0.0008709539456782271	0.000995568408115131	0.0011564522700377258	0.007152381887067759	0.007927433370537676	0.012771644568378973	0.012486638454687187	0.008134696939256445	0.009511535936458124	0.012485864518928644	0.009805659476554067	0.01629421822818309
D1/D1as/D1ba-D1bb-D4-D1at-D1ax-D6-D1ea-D1dy-D1bd	494017	0.0014792449814190539	0.0014923231082169452	0.0018742883410035984	0.003103777184091616	0.008426896428143454	0.00349021413527323	0.0031130169680301844	0.00418373491907237	0.007172310651679783	0.0029057117612183133	0.003158281572829861	0.0030165500460043173	0.008835209266051568	0.0020625704946573924	0.0008709539456782271	0.0	0.0010872947437564813	0.00047908410405766934	0.007376599561695321	0.0077524139372451015	0.011940587663774491	0.012721965513554579	0.00799931927652939	0.00961020440487805	0.012721156037265095	0.009260961473130748	0.015503674251539385
D1-D1as-D1ba-D1bb-D1bd-D4-D1at-D1dy-D1ax-D1ea	494019	0.0012820870171714527	0.0007258553437337597	0.002626451458331191	0.0032414344539519113	0.007918732946114978	0.0033566501753003854	0.002478557496044884	0.003675647939496302	0.007309543086449042	0.0030429857971757757	0.002849341862239633	0.0031538356835580225	0.008701490128559322	0.0021999979563591433	0.000995568408115131	0.0010872947437564813	0.0	0.001400604008336953	0.007243133801579052	0.007257525068878673	0.01218019653941635	0.011634983632020786	0.007491436562622427	0.008655981393923646	0.011634208696861884	0.009270771286927843	0.015837883374715173
D1/D1ba-D1as-D1bb-D1at-D4-D6-D1bd-D1ax-D1ea	494020	0.0014956718595511304	0.001926936204001106	0.0014458084011165627	0.0028697006112124016	0.008322232952435851	0.003324144252992103	0.003215813023624283	0.004079017411504248	0.006933735442969199	0.002667052204637681	0.003127553593471122	0.002777947240413641	0.008669135581553529	0.0018239219721537271	0.0011564522700377258	0.00047908410405766934	0.001400604008336953	0.0	0.007210516536841581	0.007890811448635682	0.011615449653693153	0.01280500634213893	0.007894390690814592	0.00971321960685657	0.012804202044187906	0.009025765730084958	0.015244974031404299
D4	494143	0.00783823027864427	0.006981069023326005	0.007598811890883647	0.005323874407897632	0.008093499690241951	0.0038870031764823517	0.005046146353089382	0.0038478562	0.004892424190161967	0.004728178758690655	0.005336890539728081	0.004454683105818254	0.008407342947905627	0.005562609435545118	0.007152381887067759	0.007376599561695321	0.007243133801579052	0.007210516536841581	0.0	0.0076571245	0.015300154900000001	0.0153860836	0.0076662229	0.0115412239	0.0153850834	0.011483683599999999	0.019114675900000003
D1dy	494254	0.008225063933853229	0.006950152155686588	0.008965001279248302	0.006852298295241427	0.00805891179024195	0.005113729978612138	0.005011558453089382	0.0038132682999999995	0.007726769399980004	0.005881998591864067	0.0064748374202939106	0.00553035079970009	0.009120934210676796	0.006686217257219946	0.007927433370537676	0.0077524139372451015	0.007257525068878673	0.007890811448635682	0.0076571245	0.0	0.015265567	0.015351495699999999	0.0076316349999999995	0.011506635999999999	0.0153504955	0.0114490957	0.019080088000000002
D1bd	494517	0.011836821255208957	0.012892079171856887	0.011555265568992404	0.012089912597450764	0.015698048973565287	0.012754097537336266	0.012647384703279346	0.0114542987	0.015367674641051791	0.012836652593403297	0.014112956575827252	0.012808690204478656	0.016760020321523544	0.011881765711082242	0.012771644568378973	0.011940587663774491	0.01218019653941635	0.011615449653693153	0.015300154900000001	0.015265567	0.0	0.0229868345	0.015264973800000001	0.0191419748	0.0229858343	0.0038184713000000005	0.003818521
D1mw	494255	0.011575996035672864	0.011391652065120928	0.013193551371671332	0.013804694997760672	0.015783312406618673	0.01150110062149785	0.010343976639032193	0.011540227399999999	0.015453297202279543	0.011872304508175913	0.010436183896421074	0.011659661892262321	0.016845197446995905	0.012788012888907765	0.012486638454687187	0.012721965513554579	0.011634983632020786	0.01280500634213893	0.0153860836	0.015351495699999999	0.0229868345	0.0	0.015352902500000001	0.0115365795	0.0076907196	0.019170363200000002	0.0268013555
D1my	494251	0.008228155144891022	0.0073588950755546665	0.00896899984230308	0.006870254784414676	0.008064116973565285	0.005120165537336266	0.0050141615615076985	0.0038203667	0.00773374264105179	0.005887217934232884	0.006479189126462061	0.005535817837188843	0.009126088321523543	0.0066910068055760965	0.008134696939256445	0.00799931927652939	0.007491436562622427	0.007894390690814592	0.0076662229	0.0076316349999999995	0.015264973800000001	0.015352902500000001	0.0	0.0115080428	0.015351902300000001	0.011448502499999999	0.0190794948
D1mz	494252	0.008889512374045191	0.00839877705576654	0.010737616020231908	0.009959630959062282	0.011938452706618677	0.007655892756314368	0.006498495263367327	0.0076953677	0.011608437502279544	0.00841774080569715	0.0070850320414875545	0.008035957364430671	0.013000337746995902	0.009300331716038774	0.009511535936458124	0.00961020440487805	0.008655981393923646	0.00971321960685657	0.0115412239	0.011506635999999999	0.0191419748	0.0115365795	0.0115080428	0.0	0.011535579300000001	0.0153255035	0.022956495799999997
D1na	494253	0.01157529717540492	0.011390873532120729	0.01362940031665334	0.013803694797760672	0.015782312206618677	0.01150010042149785	0.010342976439032193	0.0115392272	0.015452297002279545	0.011871405857401299	0.010435312257852646	0.011658719274987505	0.016844197246995905	0.012787105623853304	0.012485864518928644	0.012721156037265095	0.011634208696861884	0.012804202044187906	0.0153850834	0.0153504955	0.0229858343	0.0076907196	0.015351902300000001	0.011535579300000001	0.0	0.019169363000000002	0.026800355300000002
D1ig	494256	0.009170404394141171	0.009775891832160703	0.009317555788324671	0.0089441757316605	0.011881577673565288	0.008937626237336266	0.008830913403279345	0.0076378274	0.011551203341051789	0.009168949290104946	0.010296485275827253	0.008992218904478657	0.012943549021523544	0.008787696593774359	0.009805659476554067	0.009260961473130748	0.009270771286927843	0.009025765730084958	0.011483683599999999	0.0114490957	0.0038184713000000005	0.019170363200000002	0.011448502499999999	0.0153255035	0.019169363000000002	0.0	0.0076329923000000004
D1nb	494257	0.015651643594941013	0.01646731262558465	0.015370337348680528	0.01590460934472658	0.01951256997356528	0.01656861853733627	0.01646190570327934	0.0152688197	0.01918219564105179	0.016651212573913044	0.01792747757582725	0.016623211204478655	0.020574541321523546	0.01569654413088838	0.01629421822818309	0.015503674251539385	0.015837883374715173	0.015244974031404299	0.019114675900000003	0.019080088000000002	0.003818521	0.0268013555	0.0190794948	0.022956495799999997	0.026800355300000002	0.0076329923000000004	0.0
